914 
1 
358 
507 
4 
256 
682 
7 
629 
642 
844 
639 
666 
608 
14 
849 
100 
393 
581 
19 
835 
232 
22 
477 
269 
561 
828 
848 
643 
573 
803 
742 
32 
841 
515 
991 
737 
108 
922 
91 
810 
12 
959 
459 
44 
599 
46 
812 
98 
171 
627 
116 
104 
436 
793 
172 
162 
623 
470 
637 
940 
61 
217 
845 
64 
158 
311 
712 
247 
179 
522 
315 
617 
126 
81 
606 
216 
77 
29 
715 
460 
420 
312 
783 
308 
377 
706 
314 
329 
89 
128 
39 
298 
891 
535 
552 
96 
942 
339 
99 
292 
174 
726 
640 
465 
310 
66 
239 
271 
290 
149 
808 
112 
280 
994 
147 
87 
385 
443 
807 
26 
484 
533 
710 
621 
739 
169 
908 
168 
62 
610 
931 
132 
133 
134 
881 
157 
9 
532 
139 
449 
394 
83 
143 
337 
527 
745 
205 
148 
506 
150 
821 
106 
731 
717 
784 
194 
865 
941 
930 
948 
542 
238 
877 
349 
476 
42 
188 
209 
687 
721 
728 
934 
842 
234 
776 
664 
916 
968 
414 
165 
734 
54 
902 
250 
875 
140 
735 
41 
957 
601 
191 
192 
193 
273 
195 
196 
537 
198 
109 
446 
372 
202 
203 
59 
30 
206 
180 
161 
758 
469 
892 
212 
103 
10 
251 
76 
549 
524 
219 
220 
665 
725 
75 
714 
586 
226 
917 
333 
509 
918 
231 
201 
336 
357 
618 
131 
237 
550 
427 
240 
386 
840 
85 
304 
170 
285 
616 
248 
823 
173 
338 
475 
773 
578 
341 
320 
939 
718 
878 
825 
632 
305 
876 
287 
983 
266 
360 
335 
421 
780 
444 
772 
827 
274 
645 
557 
275 
297 
540 
199 
966 
354 
27 
79 
184 
252 
582 
375 
635 
31 
189 
115 
534 
961 
138 
325 
278 
233 
738 
677 
218 
912 
303 
307 
431 
306 
215 
146 
210 
972 
553 
82 
313 
481 
452 
788 
15 
782 
900 
261 
689 
965 
392 
468 
886 
403 
686 
655 
551 
330 
867 
647 
817 
246 
262 
981 
732 
924 
910 
408 
102 
692 
852 
67 
267 
885 
6 
348 
790 
177 
890 
412 
897 
309 
631 
356 
331 
903 
259 
51 
641 
996 
268 
628 
838 
366 
222 
368 
609 
410 
3 
975 
696 
879 
43 
956 
602 
435 
86 
650 
379 
73 
938 
571 
288 
590 
547 
178 
389 
508 
391 
512 
447 
880 
225 
396 
69 
851 
399 
887 
951 
450 
568 
289 
405 
531 
299 
819 
409 
989 
411 
644 
898 
227 
415 
560 
118 
820 
400 
576 
797 
119 
423 
832 
815 
799 
591 
381 
437 
700 
530 
953 
727 
434 
837 
577 
787 
404 
398 
361 
733 
992 
779 
986 
445 
55 
536 
448 
513 
936 
38 
987 
752 
707 
893 
500 
253 
781 
834 
345 
461 
58 
35 
159 
794 
190 
704 
71 
78 
214 
705 
433 
816 
228 
47 
121 
839 
478 
904 
367 
868 
462 
855 
373 
774 
830 
49 
340 
489 
281 
860 
492 
485 
494 
495 
921 
822 
406 
402 
558 
746 
923 
499 
960 
417 
175 
107 
572 
323 
510 
380 
496 
963 
861 
362 
680 
517 
633 
519 
747 
154 
183 
160 
603 
255 
74 
800 
818 
141 
768 
185 
327 
122 
293 
136 
757 
973 
491 
539 
950 
802 
441 
28 
544 
563 
990 
801 
548 
454 
182 
579 
80 
906 
263 
711 
980 
352 
792 
648 
730 
376 
516 
759 
604 
36 
566 
736 
56 
620 
221 
764 
829 
831 
574 
575 
223 
678 
457 
413 
580 
322 
755 
583 
213 
585 
501 
326 
588 
245 
863 
68 
615 
679 
569 
130 
945 
342 
34 
16 
600 
57 
695 
123 
979 
181 
365 
607 
244 
928 
543 
611 
105 
0 
614 
430 
943 
743 
8 
493 
625 
300 
622 
260 
624 
95 
626 
347 
151 
13 
152 
660 
186 
701 
346 
795 
343 
511 
638 
857 
958 
570 
353 
145 
703 
388 
589 
418 
90 
407 
777 
651 
257 
634 
319 
120 
656 
813 
998 
355 
911 
11 
559 
762 
554 
497 
167 
667 
135 
690 
88 
796 
672 
673 
296 
24 
676 
235 
805 
265 
439 
843 
933 
486 
684 
685 
258 
889 
988 
18 
826 
691 
995 
693 
694 
60 
473 
697 
962 
50 
390 
854 
556 
935 
833 
674 
21 
425 
653 
598 
929 
416 
529 
713 
753 
520 
716 
200 
37 
487 
744 
243 
722 
467 
662 
282 
92 
426 
978 
729 
771 
646 
490 
124 
176 
424 
472 
523 
925 
364 
630 
741 
129 
45 
612 
137 
395 
84 
967 
671 
750 
909 
453 
775 
754 
464 
748 
480 
249 
702 
652 
455 
636 
866 
546 
429 
567 
767 
927 
769 
770 
438 
301 
809 
72 
564 
110 
442 
778 
657 
659 
125 
279 
946 
270 
397 
117 
302 
971 
789 
197 
242 
993 
699 
291 
765 
964 
229 
798 
422 
847 
874 
870 
864 
804 
70 
806 
541 
113 
669 
749 
811 
318 
164 
723 
661 
187 
895 
321 
937 
5 
369 
856 
955 
17 
786 
272 
97 
791 
592 
619 
482 
521 
163 
52 
20 
836 
756 
359 
613 
23 
33 
48 
681 
276 
766 
2 
241 
720 
317 
328 
53 
144 
562 
374 
751 
850 
363 
555 
859 
466 
383 
862 
384 
525 
899 
763 
884 
597 
869 
382 
871 
451 
873 
458 
254 
440 
204 
814 
944 
882 
471 
594 
883 
538 
545 
94 
785 
153 
156 
351 
593 
211 
915 
675 
63 
853 
888 
283 
332 
761 
901 
101 
230 
456 
111 
999 
907 
894 
277 
997 
740 
670 
913 
528 
505 
504 
474 
316 
919 
40 
419 
324 
605 
724 
286 
954 
683 
858 
127 
488 
142 
932 
872 
920 
982 
503 
378 
514 
596 
166 
565 
224 
155 
584 
587 
387 
947 
974 
949 
350 
401 
952 
432 
708 
344 
824 
370 
654 
334 
65 
294 
969 
463 
295 
709 
483 
93 
502 
905 
970 
479 
518 
264 
663 
25 
976 
977 
926 
207 
371 
595 
668 
688 
984 
985 
698 
284 
896 
719 
649 
846 
760 
526 
114 
428 
498 
236 
658 
208 
