7770 
8915 
1445 
6250 
1480 
935 
3170 
9670 
190 
6800 
1735 
1510 
1405 
1925 
3900 
5705 
4720 
8210 
6005 
2465 
2940 
3885 
405 
8130 
2815 
3135 
295 
520 
4580 
180 
2080 
5545 
200 
205 
3650 
1360 
8935 
5415 
1010 
255 
5905 
8615 
270 
9220 
6565 
9100 
6280 
5120 
9585 
8310 
490 
7100 
8660 
2490 
6930 
7045 
1055 
6335 
9970 
6360 
345 
5805 
2305 
195 
5185 
3590 
7605 
1260 
9425 
385 
5070 
9545 
400 
8345 
6460 
9040 
5405 
395 
7255 
425 
1165 
8225 
10 
4835 
5665 
8540 
1490 
450 
5680 
9070 
8870 
3735 
9110 
7505 
8195 
8525 
4060 
1705 
185 
1505 
2125 
5155 
6380 
2485 
1940 
6600 
7205 
3245 
2605 
565 
1280 
8535 
6405 
2220 
4790 
4115 
7530 
5585 
4715 
9395 
650 
4800 
9290 
5535 
670 
3200 
2820 
4100 
5395 
690 
6145 
695 
8725 
9325 
6325 
6115 
3865 
8790 
3355 
3440 
5400 
8720 
3570 
3310 
1930 
775 
5250 
5735 
3345 
1240 
5510 
3260 
5330 
8400 
8810 
3230 
825 
1915 
9385 
3540 
5200 
5310 
1045 
8420 
3535 
860 
4275 
7120 
1695 
9695 
1645 
35 
70 
885 
5655 
3890 
3020 
720 
9375 
7580 
9055 
1875 
2065 
4895 
315 
7665 
8270 
9310 
2515 
7875 
9535 
7900 
7615 
1560 
5315 
965 
250 
6965 
4160 
7845 
1965 
9685 
9130 
6230 
3550 
2725 
9680 
8640 
335 
1060 
1065 
2255 
1665 
9285 
3620 
1475 
7515 
6375 
8775 
8240 
5935 
1115 
7290 
1125 
1130 
1135 
7345 
8925 
5495 
4585 
9470 
1160 
4045 
4605 
1180 
7365 
8045 
1200 
1205 
1850 
2210 
1625 
6330 
2630 
6690 
4345 
7510 
1255 
3220 
1265 
1250 
3450 
980 
6205 
1290 
5695 
7475 
3625 
1305 
8910 
1315 
285 
165 
3095 
80 
4655 
4215 
7465 
3070 
2020 
5135 
9075 
1375 
5800 
1385 
9320 
7985 
1605 
4810 
7265 
3335 
1415 
9145 
2360 
9135 
1435 
9155 
9410 
7635 
5815 
3660 
5980 
5920 
9095 
6010 
3495 
4310 
1515 
9200 
1530 
9185 
2635 
3410 
1540 
6945 
3690 
1590 
7595 
680 
8390 
1620 
5900 
3920 
4905 
1635 
1700 
1085 
6120 
4915 
1655 
655 
7240 
1565 
6315 
7375 
3380 
1675 
1680 
6640 
4775 
6985 
9175 
1715 
1720 
1725 
9840 
480 
275 
5235 
6300 
7470 
1755 
1765 
950 
2625 
4105 
2015 
6730 
1780 
6895 
1785 
4570 
2425 
7680 
7675 
1815 
3055 
2680 
9930 
9050 
3265 
6150 
6775 
2720 
2145 
6570 
4065 
7370 
850 
6095 
1110 
2745 
5875 
7620 
4515 
3610 
7115 
4435 
5180 
1190 
3520 
9340 
7940 
7050 
1920 
6835 
1550 
3560 
1185 
7090 
90 
260 
2090 
930 
4025 
8070 
1685 
7780 
675 
2030 
2035 
6285 
1595 
2055 
715 
4985 
8735 
2070 
40 
6155 
6635 
7030 
4990 
2120 
6480 
475 
6805 
2245 
6420 
5775 
4385 
7015 
4610 
3935 
4400 
6980 
6400 
3615 
3290 
1970 
2260 
2225 
6705 
5930 
2235 
1610 
7445 
2885 
8175 
8835 
8415 
1425 
5675 
7485 
2275 
2285 
2335 
5530 
6190 
2910 
5260 
2800 
30 
6385 
5580 
7020 
8350 
605 
9205 
2370 
7740 
2380 
8040 
2390 
9335 
7565 
1325 
8650 
2405 
9500 
9800 
9540 
6645 
7815 
6135 
1310 
8005 
2435 
6345 
7405 
2445 
725 
8365 
2455 
785 
8625 
8565 
5090 
2495 
855 
2500 
2850 
8235 
5630 
3085 
2535 
3945 
8985 
4935 
6530 
995 
8205 
3420 
2575 
110 
2600 
6695 
6990 
5855 
9305 
5460 
3635 
7835 
4145 
1455 
6415 
5375 
4885 
2655 
2660 
6915 
1395 
2665 
25 
2075 
8145 
2100 
5025 
6015 
7685 
2230 
2140 
8955 
5075 
9170 
4250 
2730 
9265 
2735 
4245 
4120 
5700 
1690 
6675 
515 
9530 
445 
3905 
7060 
2835 
1100 
4080 
1790 
3770 
1485 
1985 
8260 
1525 
2825 
2875 
4315 
2840 
535 
9160 
745 
7920 
9825 
2865 
2860 
2870 
5710 
7995 
1910 
8500 
5140 
2900 
8945 
9180 
3255 
2915 
3965 
2925 
5955 
6210 
9190 
9620 
5435 
8080 
8035 
7320 
7460 
8050 
4590 
925 
6370 
6550 
9775 
4845 
5230 
3015 
2185 
135 
9905 
3040 
3045 
2670 
4285 
1420 
2695 
7435 
4270 
1520 
320 
8550 
8795 
765 
3805 
4180 
4520 
3860 
3145 
1345 
6780 
4900 
740 
1760 
4000 
5030 
7810 
2415 
3270 
7540 
4480 
3215 
370 
9555 
1380 
795 
735 
2845 
4055 
8405 
2610 
7110 
3250 
6040 
6055 
5995 
5645 
3275 
6220 
2215 
8520 
6310 
2855 
2345 
1120 
3340 
3430 
2990 
9575 
845 
6240 
7880 
9295 
800 
3365 
2960 
1500 
1750 
6515 
8655 
7645 
7760 
9115 
4545 
6215 
9420 
9740 
760 
3425 
5220 
1775 
7185 
20 
1975 
9890 
9710 
8190 
380 
3470 
8320 
6840 
3160 
3485 
6365 
2750 
3500 
2060 
2570 
2240 
8265 
3545 
3025 
5470 
3210 
830 
8995 
5420 
3575 
1710 
5835 
9510 
3595 
6255 
3600 
8815 
3780 
2785 
2590 
3640 
7655 
4405 
9465 
5810 
4035 
7735 
3680 
8920 
2795 
7610 
4495 
8875 
6665 
2190 
8845 
8630 
375 
5885 
1795 
4705 
1465 
8295 
6610 
7295 
3465 
3405 
4175 
3800 
6265 
7690 
2300 
55 
3815 
5115 
2775 
3840 
3305 
5660 
3855 
8580 
3875 
2460 
2110 
2905 
3065 
1660 
420 
6785 
8025 
8450 
5 
4500 
9400 
2265 
9880 
4980 
3950 
7895 
7005 
4765 
3970 
8100 
7135 
1050 
8895 
6920 
5640 
9450 
4005 
8055 
6075 
3480 
4030 
4190 
2645 
4040 
3320 
4920 
3075 
160 
6425 
5540 
9950 
6165 
990 
4675 
3710 
1140 
5100 
2980 
4085 
8435 
4665 
4830 
6160 
955 
4075 
3100 
4840 
9915 
4125 
470 
9850 
4130 
3895 
6735 
150 
7140 
6080 
4150 
1535 
970 
495 
5485 
3665 
5690 
4195 
770 
8110 
8445 
1335 
7910 
2025 
6270 
7190 
7550 
5440 
4235 
7715 
7915 
6890 
6755 
5300 
1990 
1370 
8300 
2930 
4355 
4280 
1495 
6170 
4290 
6305 
2810 
590 
4110 
9565 
7210 
710 
1440 
3475 
7080 
6700 
5015 
7925 
3835 
1810 
3400 
4855 
60 
3125 
4415 
4420 
8355 
5790 
505 
9870 
2965 
8495 
4940 
9760 
755 
2700 
4485 
9980 
7215 
9660 
9060 
4995 
700 
8085 
8095 
4560 
3745 
4575 
4550 
245 
7160 
7145 
620 
7975 
4565 
580 
240 
9810 
6410 
2985 
4595 
75 
4225 
2170 
2975 
7415 
2525 
4625 
6715 
4640 
4645 
3655 
4650 
9630 
2195 
3910 
1020 
4660 
2585 
4670 
7420 
4880 
8475 
7025 
4690 
4395 
455 
685 
9570 
4820 
6535 
1825 
6545 
9995 
4730 
2410 
4745 
8750 
7840 
5770 
4020 
4770 
9730 
3555 
3155 
4795 
9715 
5915 
3515 
4475 
4740 
9445 
3525 
4945 
4825 
4975 
3060 
7755 
7820 
3010 
4470 
6975 
8960 
610 
4865 
3105 
4870 
3435 
9920 
9705 
5390 
9005 
500 
4925 
4015 
1650 
3330 
4955 
2290 
5925 
9360 
6510 
4950 
4760 
600 
3685 
3110 
9235 
9720 
7250 
5000 
5385 
5940 
7070 
5020 
220 
6035 
910 
5325 
4815 
1025 
7625 
9595 
5055 
9955 
9765 
8605 
3510 
4095 
4440 
435 
5355 
5105 
1090 
9245 
6935 
3325 
8215 
5145 
2895 
5560 
300 
920 
4680 
145 
5985 
3980 
7350 
9665 
6950 
3960 
5205 
4230 
5720 
1320 
7400 
4960 
5170 
4555 
8335 
15 
5255 
2480 
1575 
6520 
2945 
6795 
5275 
4850 
9240 
5305 
2200 
5850 
2710 
635 
3360 
8560 
50 
2685 
7355 
3870 
4380 
4370 
4255 
9000 
6050 
985 
3490 
5620 
3750 
2250 
7720 
9255 
330 
2880 
5425 
2995 
5345 
5965 
2805 
9735 
5130 
3445 
8805 
5455 
3955 
5465 
5035 
4140 
9120 
4805 
5480 
5525 
2135 
7795 
1300 
9380 
5515 
8530 
5520 
5215 
1175 
5880 
4615 
2295 
6200 
6900 
5045 
1880 
4530 
8165 
5095 
7490 
5490 
5590 
5685 
2540 
6875 
5605 
3765 
5625 
8900 
5635 
4450 
4360 
1340 
9045 
5430 
170 
5670 
3175 
3985 
4155 
6580 
290 
9085 
550 
7885 
2095 
100 
4135 
7220 
5820 
8840 
7270 
3700 
9900 
8975 
2830 
5740 
1095 
6485 
6225 
5755 
6910 
5760 
5960 
355 
2790 
7130 
2350 
9440 
7450 
5750 
3995 
5785 
7035 
9455 
8730 
585 
4050 
4410 
4465 
4325 
9065 
5780 
3670 
9030 
5175 
4205 
8220 
5765 
5910 
8155 
2620 
2770 
5945 
210 
4505 
7775 
5975 
7640 
645 
9690 
4320 
5990 
7850 
8685 
2510 
2045 
65 
2675 
805 
6020 
2475 
7560 
9485 
9350 
7525 
7230 
8090 
9755 
1555 
625 
5080 
8395 
9580 
540 
6590 
230 
8290 
1220 
4295 
6100 
660 
3720 
8715 
815 
6110 
1430 
5295 
9745 
3460 
2780 
6125 
8770 
6130 
3755 
5950 
9260 
2505 
1400 
545 
4930 
9020 
8710 
7590 
1835 
9820 
555 
7965 
6625 
7585 
6350 
5160 
3115 
4525 
7660 
4710 
3715 
2400 
8610 
3285 
1670 
1230 
6030 
7535 
4350 
4375 
2450 
8180 
6340 
6905 
8590 
1615 
7670 
1545 
105 
2520 
3760 
7225 
225 
6395 
7990 
155 
1600 
6430 
6435 
8850 
6440 
8125 
4090 
6455 
2565 
95 
8585 
1410 
6470 
6445 
6475 
3580 
4535 
4755 
1105 
6500 
5360 
6060 
8970 
8075 
9405 
6525 
2550 
9940 
440 
8285 
9010 
5570 
6620 
6000 
2320 
7385 
6595 
6605 
2615 
6180 
3150 
8465 
6630 
810 
4780 
1995 
6655 
2270 
9140 
9960 
7310 
6670 
4620 
2365 
3675 
615 
2420 
1900 
6725 
8600 
7980 
3730 
2580 
1355 
8485 
5650 
5320 
900 
8010 
4600 
175 
5040 
8515 
3830 
6660 
525 
8620 
4265 
6175 
2310 
8510 
7825 
2690 
2165 
6870 
8230 
1390 
4970 
3695 
9645 
9885 
1080 
2050 
2555 
1035 
7195 
3240 
8425 
4910 
8865 
7410 
1270 
6955 
3180 
3390 
6970 
4445 
9495 
7905 
6995 
7000 
9785 
2470 
7010 
6245 
1350 
5595 
7390 
5730 
6560 
7085 
4185 
8820 
1870 
4695 
7955 
6815 
410 
5010 
2950 
9650 
5195 
3505 
7630 
2955 
6085 
115 
835 
7155 
7170 
7175 
6090 
7200 
5555 
8990 
1935 
4305 
9985 
2705 
875 
8020 
4685 
4330 
1295 
6450 
2205 
9965 
9165 
840 
3455 
7300 
5600 
6585 
1570 
3350 
1640 
7325 
2040 
7335 
6745 
5265 
3705 
8325 
4210 
5795 
7235 
9780 
3925 
665 
3035 
3395 
8800 
7440 
7600 
7455 
5860 
6710 
5505 
5500 
9035 
6140 
9590 
7495 
1770 
6195 
7425 
9805 
8340 
1365 
5450 
7520 
5565 
5365 
7710 
6685 
790 
9215 
8690 
7575 
4735 
5970 
4240 
6505 
5745 
7860 
9270 
1740 
1210 
5370 
9355 
6790 
310 
6615 
6025 
5125 
4170 
7055 
7395 
5110 
7700 
6765 
4430 
4340 
3280 
4700 
7725 
6355 
6680 
7745 
1215 
280 
7765 
5210 
8680 
4200 
6495 
1830 
6235 
6295 
8780 
575 
1450 
3630 
7105 
8825 
5245 
730 
2150 
9225 
5060 
4425 
9315 
1040 
1805 
7855 
9475 
7870 
5845 
7075 
7890 
7785 
325 
8375 
6650 
6720 
2130 
6555 
3990 
5870 
5280 
2000 
8705 
8470 
1460 
430 
4635 
3005 
2715 
2430 
6770 
2595 
8480 
4785 
2355 
1580 
6575 
5895 
8060 
8065 
945 
640 
3370 
8030 
6880 
2180 
2105 
235 
3295 
4260 
3725 
8135 
915 
7260 
85 
6850 
705 
8170 
8200 
5285 
8185 
3080 
2385 
2160 
8595 
1585 
7790 
6940 
6855 
1730 
8250 
8015 
3205 
595 
8160 
8965 
3225 
8275 
895 
9430 
2085 
7065 
9895 
1745 
6320 
1630 
7945 
7930 
8315 
3120 
2280 
3235 
8385 
8330 
2640 
390 
3050 
340 
3790 
8830 
6070 
8905 
9275 
8370 
8505 
5350 
960 
8410 
1800 
2155 
265 
8440 
1005 
8455 
5190 
130 
6740 
6760 
780 
9610 
3845 
2920 
5270 
9345 
8380 
8700 
8885 
5065 
2375 
7340 
5890 
3915 
5865 
5475 
9525 
6830 
8545 
6185 
3530 
8360 
3185 
9125 
3315 
6810 
8460 
6960 
1980 
7950 
8150 
7480 
570 
3385 
1285 
8635 
9605 
45 
460 
7960 
7095 
2010 
8740 
1470 
8675 
4860 
4300 
8120 
8570 
8695 
890 
140 
2545 
6750 
8665 
3795 
3605 
6105 
2530 
8745 
8755 
3190 
3810 
3585 
7330 
9250 
8765 
1075 
5410 
2755 
5380 
7285 
5050 
4220 
1170 
3415 
7650 
125 
1860 
7500 
9280 
1840 
8575 
4725 
1330 
9700 
9480 
3820 
8880 
1905 
5005 
8855 
9935 
8930 
6860 
8940 
3000 
5085 
5615 
1820 
4750 
9975 
9025 
8980 
5725 
305 
2935 
7800 
2440 
2760 
5575 
485 
8105 
6865 
7380 
5445 
7125 
940 
8760 
8305 
5715 
2115 
3850 
1895 
510 
2740 
8430 
7180 
8115 
2650 
2005 
4490 
9105 
7280 
560 
2560 
8000 
7935 
6290 
6260 
9505 
9150 
4510 
1245 
1275 
5340 
7150 
3090 
3565 
1855 
4455 
8280 
8555 
365 
3940 
1145 
9230 
1000 
4630 
7275 
4010 
750 
2765 
8785 
7430 
865 
6045 
7970 
8645 
9490 
4165 
5165 
1945 
1865 
6845 
9865 
6540 
5840 
7730 
9330 
8860 
7570 
6275 
4875 
4365 
9365 
5225 
9370 
2330 
3785 
3740 
5335 
9390 
360 
3645 
6490 
9415 
3130 
7830 
4965 
9435 
9675 
5290 
880 
4335 
9195 
1155 
9725 
9655 
1030 
9460 
7865 
8140 
4890 
120 
3880 
6465 
820 
9515 
9520 
7750 
9910 
4460 
1070 
6825 
7305 
2970 
1950 
9560 
3930 
2395 
870 
530 
1235 
7705 
7805 
9600 
9090 
7245 
1955 
215 
9625 
5610 
8890 
9640 
6885 
1890 
1015 
465 
8950 
1195 
9210 
1845 
1885 
2340 
9790 
3975 
3165 
2315 
3775 
2890 
9015 
4540 
9750 
8245 
415 
5150 
7360 
9990 
3300 
9795 
9300 
1225 
9815 
9550 
3375 
2175 
7555 
6065 
350 
9845 
9615 
7040 
3195 
3140 
9855 
3030 
9860 
9945 
6390 
9875 
9770 
8255 
905 
8670 
7695 
6820 
5240 
9830 
630 
9635 
9925 
8490 
4070 
2325 
9835 
7545 
5550 
1150 
4390 
7165 
5830 
7315 
975 
3825 
9080 
6925 
5825 
1960 
