0 
6233 
4699 
9510 
4516 
7577 
1136 
8390 
6709 
467 
8848 
3549 
5966 
7558 
2634 
15 
6110 
8099 
9597 
283 
5700 
8070 
802 
23 
7669 
4348 
26 
495 
3471 
6848 
30 
31 
5531 
6209 
9399 
2518 
8384 
4941 
7861 
4036 
40 
41 
8175 
43 
2072 
45 
4958 
8838 
8629 
49 
9482 
8410 
52 
1354 
8743 
4459 
3835 
4682 
9720 
688 
8223 
7282 
8511 
5497 
64 
5760 
1066 
67 
68 
4622 
6161 
2248 
72 
7338 
9969 
75 
809 
1665 
7463 
79 
7454 
3457 
3525 
5071 
3018 
3957 
1404 
3171 
1111 
7758 
90 
3504 
3464 
1070 
1019 
9653 
3894 
97 
6706 
7035 
100 
101 
1982 
5269 
7051 
7347 
2043 
4857 
9666 
411 
110 
111 
9749 
763 
6338 
609 
1732 
2563 
8359 
6586 
9996 
9364 
5330 
123 
6765 
4813 
5252 
127 
9381 
8378 
3828 
3695 
3028 
6663 
3072 
3904 
6797 
8265 
1353 
5309 
2823 
9446 
8627 
5501 
2711 
7346 
953 
147 
9532 
149 
150 
3592 
3634 
4694 
8330 
155 
3451 
9730 
3949 
225 
9707 
2760 
6948 
5138 
8226 
378 
7422 
5390 
168 
2299 
4080 
3374 
172 
8325 
3773 
868 
176 
4833 
178 
8208 
8977 
7784 
1894 
183 
1297 
4711 
8300 
1755 
188 
8818 
8307 
711 
4933 
3715 
5871 
195 
4186 
7464 
7906 
7543 
6468 
2019 
1775 
8622 
3208 
3863 
5018 
24 
7623 
9255 
2871 
9583 
4835 
2914 
8572 
6716 
7079 
4932 
218 
7270 
9757 
5165 
6436 
9504 
5637 
7853 
6830 
227 
7256 
5885 
9713 
586 
232 
233 
3994 
9081 
9847 
6783 
9362 
8345 
9196 
5620 
242 
243 
5578 
4010 
5225 
9990 
6846 
2412 
250 
8221 
7021 
9156 
7791 
8870 
3299 
3914 
272 
2139 
328 
8621 
5940 
9388 
264 
6305 
2944 
2387 
6108 
5055 
270 
594 
2688 
6620 
551 
4976 
7374 
4602 
7688 
966 
6218 
2591 
1805 
1398 
1815 
3391 
8538 
4444 
5856 
1079 
6674 
3577 
6415 
806 
2365 
7723 
5762 
7579 
3150 
8648 
4981 
7162 
5552 
8758 
4084 
8192 
6906 
3094 
1181 
9722 
310 
9387 
683 
6257 
8874 
1024 
3866 
4675 
4515 
6666 
2306 
721 
2126 
4449 
7147 
8503 
5714 
8238 
7640 
3812 
7239 
6477 
7355 
7685 
615 
4411 
4466 
5951 
2913 
3015 
5487 
9223 
9271 
2001 
8568 
4046 
3228 
7461 
3100 
3626 
350 
3375 
7798 
4989 
8809 
355 
5357 
3651 
358 
9424 
8867 
6190 
4990 
2480 
2327 
8433 
6122 
5735 
1578 
5668 
4181 
5383 
4523 
9809 
835 
2220 
376 
9262 
2120 
7919 
3006 
9759 
1727 
743 
384 
2398 
480 
7594 
6016 
9840 
7189 
391 
3360 
6691 
5336 
9954 
5294 
9902 
1227 
399 
9052 
401 
402 
3241 
540 
405 
5219 
4606 
7509 
54 
338 
1922 
3421 
7675 
8451 
415 
6693 
1914 
9336 
7377 
6977 
8259 
422 
84 
3647 
6532 
5474 
4088 
7250 
6602 
6341 
431 
5362 
77 
214 
435 
9693 
2681 
8457 
6647 
2066 
6767 
6813 
9146 
4358 
3483 
8150 
5013 
4238 
449 
503 
3517 
7011 
5639 
9107 
9268 
456 
441 
7173 
8948 
7320 
1973 
8787 
8499 
4843 
465 
9352 
995 
7964 
4696 
8843 
5781 
472 
9935 
6174 
8585 
9911 
2501 
4673 
2179 
2253 
5949 
482 
2129 
7431 
8137 
8760 
7702 
4429 
3571 
1983 
7412 
1783 
7730 
494 
9244 
9212 
8082 
1022 
2236 
6987 
3898 
7302 
617 
8897 
8071 
629 
8847 
508 
1868 
6743 
5308 
1067 
9479 
4588 
3603 
2844 
9876 
3145 
8263 
2636 
6096 
3187 
5234 
1799 
6853 
2522 
5053 
363 
7140 
8315 
3580 
406 
336 
6591 
535 
536 
1571 
538 
6902 
9239 
2576 
5572 
6232 
6116 
3606 
9521 
2222 
7119 
549 
3885 
3555 
9867 
9324 
8127 
555 
1946 
1797 
4119 
6383 
6046 
4097 
3747 
4942 
5520 
3956 
2258 
3490 
8043 
473 
2985 
9106 
4434 
5583 
2753 
1393 
6061 
577 
6056 
4510 
8823 
7439 
2300 
820 
4260 
5291 
400 
619 
5617 
9930 
6486 
591 
592 
8546 
1522 
4335 
2721 
597 
4637 
6079 
7331 
601 
4703 
6551 
8210 
7242 
4045 
2157 
3324 
7982 
2840 
81 
702 
613 
3058 
334 
4295 
4207 
6222 
9599 
2369 
5006 
9542 
1669 
9002 
308 
9841 
627 
4872 
4894 
6352 
5413 
1026 
8139 
634 
9988 
8842 
2223 
387 
3851 
796 
6107 
3605 
6401 
1194 
1056 
1003 
1800 
9288 
649 
650 
5539 
652 
7712 
8004 
5761 
656 
657 
6856 
3977 
7629 
8731 
1204 
8369 
4645 
257 
4771 
1293 
5638 
669 
3954 
2173 
4506 
530 
5228 
3921 
3419 
4176 
2534 
6492 
5304 
5091 
4820 
1014 
2770 
758 
1640 
9549 
3998 
6876 
8860 
9997 
8337 
693 
6901 
695 
8853 
9609 
698 
1767 
2859 
3599 
612 
8135 
704 
1085 
6483 
6131 
6394 
3434 
9474 
3080 
8089 
6141 
5708 
9894 
6494 
6895 
2023 
719 
848 
9026 
9210 
9517 
6567 
5843 
770 
6633 
9043 
729 
1207 
2833 
3594 
171 
9643 
2419 
7082 
7204 
8463 
1526 
4002 
7291 
5955 
383 
744 
1069 
6447 
9637 
7196 
5753 
9827 
751 
3589 
753 
9885 
3892 
3096 
5630 
5445 
759 
2328 
4498 
1505 
353 
5430 
1223 
3183 
2849 
5924 
1881 
7325 
2796 
2235 
3924 
7005 
5084 
5488 
6539 
7289 
779 
1476 
6247 
2 
2335 
2145 
9955 
6450 
666 
145 
2751 
1878 
9339 
4037 
4610 
2680 
9 
6269 
8260 
4851 
799 
6614 
9823 
5493 
4471 
3086 
805 
4553 
807 
7958 
8065 
451 
8887 
4984 
8910 
800 
7339 
6052 
5066 
6354 
5169 
2380 
4280 
6513 
823 
6718 
3414 
8625 
827 
7267 
829 
7793 
1821 
8817 
1452 
7388 
3987 
4509 
837 
9792 
9044 
2852 
6753 
3099 
5888 
844 
7681 
8059 
847 
6216 
1302 
1313 
7582 
9958 
873 
6792 
8970 
5102 
4481 
2885 
412 
9435 
5562 
1342 
653 
5635 
5311 
2018 
3739 
8668 
869 
5601 
479 
4034 
7398 
9211 
6172 
1765 
9008 
389 
1384 
880 
94 
7799 
7297 
3195 
6869 
886 
1926 
793 
8062 
2831 
3879 
9274 
893 
5962 
2464 
5316 
5266 
1694 
9128 
9941 
9427 
902 
903 
6880 
4722 
2673 
8830 
738 
7836 
910 
7576 
7139 
6904 
725 
5293 
4154 
9852 
5673 
9794 
920 
6073 
3576 
9214 
4229 
8319 
1107 
927 
2286 
2882 
930 
6183 
2841 
4393 
2134 
3881 
9925 
7264 
938 
4904 
5332 
298 
5479 
7781 
6500 
9511 
1332 
7132 
7087 
1389 
5957 
7864 
8620 
6022 
2065 
1924 
7810 
7652 
701 
959 
6082 
961 
9400 
6473 
964 
1071 
8762 
967 
7300 
2651 
566 
3273 
2107 
973 
974 
975 
839 
3557 
4026 
979 
326 
981 
3108 
290 
7670 
543 
990 
2857 
5490 
7765 
7899 
5012 
5250 
993 
3842 
2846 
996 
705 
998 
4949 
8633 
4596 
2008 
5604 
7981 
6421 
321 
1512 
7149 
1580 
7564 
626 
9179 
5410 
4633 
1015 
614 
9428 
4836 
481 
5059 
2375 
2154 
9240 
798 
9369 
1331 
7796 
6087 
7532 
9675 
4764 
6006 
230 
5278 
1942 
5745 
7001 
5037 
7481 
8892 
1041 
4577 
5392 
1044 
9236 
9222 
8101 
309 
1886 
3262 
8706 
1392 
1836 
7570 
1055 
9771 
1057 
2318 
7208 
1678 
372 
1062 
2109 
6526 
9401 
4968 
6083 
7195 
616 
4458 
7360 
1072 
4582 
1538 
2288 
8355 
56 
2068 
5141 
9264 
3014 
4960 
8121 
9165 
2458 
1086 
5845 
7453 
6994 
9737 
2200 
6555 
3719 
8233 
6252 
6750 
1083 
9630 
507 
9686 
5909 
2251 
6214 
2243 
9673 
8636 
8759 
1108 
2057 
4342 
8422 
1112 
1113 
4298 
4070 
5118 
1117 
6015 
9055 
6521 
5828 
7808 
2192 
7030 
3906 
1126 
3974 
6954 
442 
2408 
1131 
1934 
128 
462 
8940 
5471 
7329 
5839 
9311 
1650 
1017 
9878 
9754 
4721 
3970 
6068 
3282 
875 
9366 
9028 
1151 
8861 
8353 
1154 
1155 
5349 
1157 
9732 
8587 
6308 
3336 
5548 
5511 
6801 
3338 
1095 
8738 
5660 
8456 
6284 
1898 
2548 
4810 
8417 
7406 
5684 
4925 
6795 
2508 
420 
529 
8048 
5027 
1852 
1927 
7102 
1676 
7013 
4241 
3846 
1191 
1439 
2277 
1626 
6593 
4087 
4171 
216 
2450 
2724 
896 
5764 
5770 
662 
1205 
1984 
1870 
106 
5525 
5695 
5749 
8980 
7724 
6013 
5651 
1216 
7616 
6978 
6437 
8181 
1221 
7823 
5983 
5417 
1413 
6237 
3526 
9883 
1229 
7444 
2230 
4609 
1547 
9248 
2316 
4074 
1237 
7693 
4180 
1240 
3959 
393 
1243 
7677 
7738 
7358 
5476 
7952 
1249 
1250 
202 
8545 
1253 
2676 
9097 
7174 
4909 
8077 
1437 
1260 
4769 
6380 
5866 
2175 
1757 
3403 
1713 
3741 
4008 
1773 
3397 
1272 
7238 
8580 
7164 
4708 
6376 
1278 
5087 
1763 
1296 
2484 
7749 
5860 
5248 
6975 
9091 
8228 
9471 
4489 
2402 
1292 
4938 
4886 
3056 
9326 
212 
1298 
1008 
2312 
8676 
2186 
7609 
7294 
978 
5173 
1269 
8570 
5504 
1310 
2259 
644 
4061 
436 
9956 
1316 
5995 
1397 
9410 
8561 
1130 
3304 
4153 
8498 
8304 
8502 
9070 
1328 
5605 
4566 
2231 
4426 
2928 
1334 
1148 
6448 
1761 
1664 
5492 
8519 
9209 
5094 
5937 
3925 
9447 
943 
4184 
4906 
1349 
5195 
3337 
4300 
4066 
7502 
8816 
2182 
3327 
5666 
1051 
1360 
3410 
8518 
4929 
9554 
2343 
972 
4734 
2468 
1369 
598 
8111 
2551 
7303 
5807 
6790 
8003 
7665 
9692 
4431 
790 
4591 
3485 
1383 
5155 
1385 
3051 
9290 
1388 
955 
8505 
8373 
5462 
5394 
8713 
1850 
5142 
3271 
5305 
6609 
7514 
5247 
8420 
8707 
7565 
3538 
1406 
6369 
6548 
5667 
9123 
2390 
956 
2418 
8956 
5881 
1417 
1312 
9639 
633 
6356 
3294 
1600 
4541 
1424 
8264 
9967 
1427 
3174 
7363 
7019 
7503 
4113 
9940 
5669 
2825 
1436 
2907 
6029 
7105 
8481 
1829 
672 
9764 
4868 
962 
7956 
1447 
19 
7871 
5682 
9544 
833 
8322 
1454 
777 
7905 
3073 
8917 
1801 
8350 
8375 
2544 
689 
2926 
3920 
5830 
2320 
1468 
8563 
4701 
1471 
2428 
4005 
1137 
7306 
5009 
9032 
2033 
2689 
8154 
1481 
7273 
3050 
7423 
8677 
4414 
2732 
1488 
3963 
7602 
4305 
7561 
1908 
1482 
5657 
6705 
2118 
8632 
9828 
8411 
3659 
856 
3750 
3905 
7520 
7748 
137 
5872 
1509 
1510 
1511 
1007 
3286 
1514 
1515 
4187 
7210 
710 
1519 
6151 
144 
2474 
5241 
2461 
1667 
739 
2704 
6613 
4270 
282 
2268 
4627 
9444 
3301 
3928 
3356 
9833 
9323 
3501 
1540 
9859 
9177 
6648 
2720 
1545 
4644 
1233 
2193 
5984 
1550 
7537 
4800 
4304 
9585 
572 
7805 
9889 
8428 
6129 
8086 
6357 
5790 
6342 
9718 
4540 
1566 
7816 
7125 
6834 
2507 
8000 
1572 
8796 
7916 
3439 
1588 
9793 
954 
1579 
2367 
9486 
1507 
7727 
7224 
8608 
8404 
1587 
8536 
1589 
5914 
1591 
1375 
2664 
5672 
6849 
8774 
7305 
2749 
1408 
7938 
5374 
1602 
922 
3291 
297 
7257 
1607 
2163 
5443 
5148 
9778 
8010 
9506 
7966 
9939 
367 
4473 
1618 
9766 
8480 
9434 
9739 
7835 
3839 
3185 
1759 
1627 
5716 
2888 
7897 
4497 
4476 
1633 
7022 
2955 
6686 
3923 
1212 
1639 
1153 
587 
6472 
5274 
3461 
3443 
9319 
9706 
1699 
2995 
6311 
3907 
1652 
3384 
1741 
8647 
1656 
5767 
4746 
1659 
1660 
4630 
8797 
2012 
6402 
7466 
3680 
647 
1668 
5822 
3378 
203 
2240 
1701 
1885 
1675 
778 
1677 
1372 
6259 
1040 
7486 
2735 
1543 
2256 
4106 
2176 
3849 
423 
8073 
5448 
8661 
1830 
3442 
824 
2961 
5654 
7046 
932 
5886 
7031 
194 
9376 
6443 
492 
5744 
6063 
3459 
1845 
3458 
4033 
9153 
7770 
1719 
9897 
7043 
4850 
9468 
4852 
6434 
1720 
3492 
220 
8274 
2887 
3988 
2974 
1286 
3354 
9587 
2059 
2649 
5758 
2352 
5152 
2745 
1291 
1737 
554 
361 
1477 
7191 
8288 
1743 
7984 
450 
4558 
8833 
4966 
5763 
6545 
1751 
3723 
6606 
9916 
7323 
7073 
3639 
8693 
2195 
7510 
357 
3488 
5911 
6136 
9176 
890 
7598 
2204 
2214 
2971 
4832 
1772 
5000 
5381 
997 
6784 
6929 
5264 
1779 
1091 
8235 
6662 
6947 
4318 
1826 
1786 
2543 
1321 
1789 
4944 
1791 
9436 
6881 
2383 
1294 
5404 
3663 
2226 
524 
3779 
4816 
2666 
3951 
8079 
7446 
7776 
8700 
5818 
6090 
432 
6891 
6974 
1813 
2446 
5482 
1186 
762 
1818 
9022 
5387 
7874 
1339 
6102 
1824 
9180 
9385 
1827 
1828 
610 
1268 
8919 
4491 
9167 
8250 
102 
4762 
9594 
1838 
2733 
1840 
8447 
1842 
5079 
6844 
1170 
1846 
4024 
1848 
1849 
2820 
4808 
1184 
6014 
5960 
478 
6488 
550 
2994 
1586 
9831 
639 
6908 
8426 
1864 
9699 
5742 
985 
934 
1869 
9964 
4234 
8164 
4077 
4133 
1612 
1876 
6540 
4440 
8950 
2181 
7480 
1695 
1883 
8391 
8316 
6202 
1887 
1888 
1879 
2963 
1891 
1774 
7642 
8678 
4778 
4537 
9648 
3758 
9074 
2172 
685 
8290 
8134 
1904 
1905 
9006 
1396 
6028 
42 
9004 
643 
1146 
275 
900 
7223 
5829 
1992 
8379 
7728 
7653 
1788 
5168 
2558 
1582 
1036 
3724 
645 
1928 
3520 
3840 
8916 
5495 
811 
9075 
1935 
3948 
4683 
3701 
528 
3351 
8877 
4469 
3669 
5989 
3309 
3186 
1947 
3109 
2326 
6946 
7004 
2337 
2400 
9038 
9926 
5408 
898 
1466 
1762 
1960 
9085 
5675 
8052 
7113 
6841 
1966 
2058 
1968 
8872 
1193 
2487 
1972 
461 
1974 
7687 
2020 
6645 
6018 
4139 
447 
6469 
8443 
5449 
1400 
2932 
5031 
8806 
1988 
9093 
4914 
6944 
4248 
1535 
4662 
2640 
2459 
7587 
9355 
2117 
3059 
2135 
1976 
8092 
3628 
3278 
5421 
7980 
569 
5232 
4961 
9144 
1425 
5965 
76 
6372 
8272 
2017 
867 
6300 
8902 
2021 
2022 
4169 
8224 
5038 
818 
865 
5928 
2029 
8168 
4136 
8215 
1910 
1581 
6685 
895 
5128 
3584 
3146 
4159 
7199 
8005 
8933 
7592 
476 
4643 
2047 
1933 
2049 
2853 
3411 
2052 
5405 
7158 
6969 
5276 
1161 
8444 
9851 
2060 
1415 
2062 
2774 
8944 
3664 
440 
2067 
2910 
2069 
7068 
1682 
1745 
4964 
9628 
1228 
211 
2077 
4114 
4157 
5553 
1189 
786 
3326 
9910 
822 
5340 
6701 
2683 
2089 
2657 
5365 
2092 
85 
2094 
9962 
2096 
4527 
2098 
2099 
2594 
4220 
4542 
1173 
4494 
3189 
2106 
3808 
5532 
8812 
2516 
7052 
2112 
6135 
2114 
2115 
2561 
9477 
5912 
5268 
9784 
2384 
4062 
9853 
3697 
5926 
6449 
4729 
9314 
960 
567 
6777 
8525 
7955 
3558 
5878 
5555 
6519 
2138 
259 
5385 
2469 
2142 
668 
2144 
5505 
8473 
7311 
2148 
2149 
3622 
4571 
7008 
4059 
6565 
2155 
2587 
4670 
8199 
4738 
8303 
4353 
426 
1265 
8025 
6999 
2166 
7890 
325 
7269 
4492 
5851 
6320 
4787 
3188 
3153 
1284 
3007 
8953 
1596 
4583 
858 
4029 
872 
9677 
6587 
27 
1401 
6464 
8019 
3261 
6557 
6330 
4937 
3788 
8733 
4291 
1364 
1889 
4404 
7797 
2093 
2202 
7365 
186 
2861 
2206 
5171 
2909 
2209 
6735 
2003 
9199 
8161 
4330 
6542 
6132 
4107 
4831 
5033 
6764 
1403 
1235 
2728 
2830 
5945 
2074 
2227 
324 
3873 
1231 
2537 
1129 
8604 
6158 
8207 
8567 
6084 
4336 
9485 
3745 
4362 
8354 
5650 
2244 
733 
8124 
4432 
2127 
5058 
7103 
8626 
1192 
4201 
2643 
1261 
1381 
4803 
37 
5081 
4672 
2592 
1327 
520 
9080 
3705 
1270 
2814 
678 
2269 
4366 
727 
4142 
80 
2048 
7427 
8875 
5884 
625 
2379 
9423 
2281 
9908 
5335 
2284 
2370 
928 
5727 
1075 
2289 
3283 
8399 
9787 
9725 
7937 
7511 
7277 
1980 
2298 
5544 
4629 
5494 
6053 
7109 
2304 
2305 
6349 
8165 
3532 
2324 
8462 
8815 
6768 
1074 
7438 
8763 
7744 
3285 
5587 
814 
9454 
5903 
5347 
9702 
7083 
8157 
684 
628 
6425 
3320 
618 
4433 
3802 
2333 
8890 
9531 
5459 
5728 
6374 
73 
1416 
2986 
8616 
262 
4631 
2345 
8009 
7772 
6600 
8171 
4365 
8196 
8323 
1164 
6996 
3675 
1604 
2357 
2180 
9169 
581 
32 
2039 
9260 
815 
496 
7999 
3441 
8149 
6142 
8923 
2371 
722 
9984 
2374 
7418 
7760 
717 
7917 
506 
8112 
1343 
1781 
6589 
7411 
8206 
816 
5597 
9001 
2389 
6675 
830 
7604 
2393 
2394 
6065 
5619 
9108 
4367 
8957 
3307 
1329 
7024 
2403 
6836 
2330 
8023 
5442 
9307 
3318 
9971 
8558 
7058 
4524 
280 
1335 
1504 
1361 
7263 
6428 
3627 
9770 
7038 
206 
2424 
6590 
5662 
6754 
1684 
6125 
421 
4384 
5935 
136 
5355 
8058 
3266 
3822 
8997 
4815 
3794 
3156 
9501 
7494 
7096 
8022 
4 
2877 
1330 
5704 
3450 
8813 
1951 
6971 
3405 
2455 
2456 
9612 
9021 
999 
2460 
894 
4784 
9829 
6626 
9906 
5858 
602 
5318 
1273 
6561 
6325 
3862 
9287 
4801 
9368 
8692 
8331 
5389 
2525 
7176 
1289 
269 
2483 
9160 
5987 
6203 
8615 
313 
7527 
6630 
6249 
1555 
2245 
2494 
2495 
2496 
438 
8012 
3816 
2500 
4382 
7456 
8715 
2504 
4308 
4896 
5766 
1179 
2509 
3084 
9888 
5282 
5826 
86 
3113 
5752 
1177 
1420 
6181 
1962 
2590 
5369 
2523 
7141 
1822 
3433 
8477 
3460 
2529 
2530 
8002 
2238 
5523 
7034 
9208 
2536 
3514 
2941 
2539 
1020 
7615 
7631 
6163 
6153 
849 
7345 
1644 
5574 
8547 
2550 
7 
9068 
2553 
2183 
7745 
1493 
2557 
9502 
580 
976 
7622 
2411 
2569 
1681 
6930 
2566 
9121 
5382 
5812 
5078 
6204 
2572 
7775 
6741 
1729 
5703 
2577 
2578 
621 
5737 
8400 
4546 
8708 
4402 
8068 
9498 
5997 
5086 
7914 
8317 
6875 
1308 
8901 
8786 
3743 
3394 
9928 
4478 
7820 
2600 
8249 
2923 
5415 
2604 
4741 
2606 
8566 
2608 
345 
5590 
9767 
3234 
1048 
1426 
1645 
9039 
4659 
9758 
5891 
4973 
6624 
9534 
2623 
6193 
329 
4158 
5624 
2628 
2629 
2992 
6798 
1475 
6973 
4608 
2635 
3823 
7041 
2638 
7792 
6762 
7883 
8084 
6710 
9278 
5725 
4910 
3247 
5061 
6092 
2650 
2160 
6863 
6855 
3756 
5229 
2656 
2090 
8737 
1917 
4614 
2661 
8313 
8133 
2241 
1201 
4078 
1963 
8129 
9195 
8100 
3650 
8905 
5 
2674 
8639 
7554 
287 
852 
7589 
8603 
9989 
2682 
1766 
1854 
2685 
804 
1037 
8674 
4208 
6761 
5251 
8438 
4172 
2614 
9232 
2945 
2554 
2000 
2699 
2597 
160 
2951 
2703 
6782 
3533 
3472 
2790 
9413 
9616 
2710 
1521 
1492 
5524 
6509 
3826 
2716 
4483 
2718 
7833 
6976 
8876 
2722 
5857 
8855 
33 
403 
258 
5189 
8113 
2730 
2731 
6475 
1144 
2734 
8465 
4668 
944 
3941 
2739 
2740 
2741 
6599 
8780 
4144 
5139 
2440 
2340 
2998 
3125 
7283 
6244 
1431 
4339 
8474 
9563 
8684 
2757 
8268 
7943 
4328 
167 
8368 
2763 
6585 
7089 
2766 
6076 
9141 
542 
655 
288 
7567 
3057 
9386 
563 
419 
7970 
2778 
5698 
6154 
4004 
3029 
6317 
5346 
1125 
8136 
2946 
78 
9556 
1218 
332 
7690 
6692 
620 
9931 
2083 
4425 
7568 
9206 
648 
2801 
3388 
2677 
2958 
7490 
2439 
2309 
7803 
3255 
584 
9975 
4500 
3786 
6133 
2815 
5057 
8011 
2818 
6217 
4337 
9461 
8430 
5489 
267 
5646 
6580 
2285 
7870 
3728 
8386 
680 
3899 
8591 
8478 
2835 
444 
1749 
4307 
483 
2872 
6319 
2842 
3540 
5100 
9929 
1661 
5003 
4783 
3940 
2850 
7881 
8026 
2219 
8739 
1456 
7319 
2420 
7017 
6988 
5793 
3783 
5104 
2863 
3640 
6877 
9983 
4125 
7433 
9325 
8934 
5780 
7563 
1459 
2874 
7144 
5039 
1802 
8687 
57 
8667 
2881 
1711 
6956 
6241 
91 
8229 
9456 
7326 
7330 
2890 
5399 
5088 
9088 
4451 
7680 
6228 
138 
1119 
3416 
2261 
6888 
8531 
3984 
982 
7898 
9013 
1150 
8500 
9481 
2453 
8727 
6159 
8918 
198 
6503 
2916 
5329 
2918 
8993 
228 
7409 
4063 
2205 
3776 
1833 
9084 
9617 
4860 
5376 
9221 
5028 
9340 
6343 
2934 
6098 
2936 
9914 
2938 
1619 
2854 
1502 
6653 
9096 
7266 
1127 
539 
8664 
4486 
3296 
8822 
6184 
4877 
1246 
2467 
7336 
7468 
6622 
8850 
4263 
7863 
6822 
5299 
5030 
8630 
4533 
1843 
7085 
3681 
8120 
4128 
9949 
2533 
2973 
8403 
7662 
2976 
9561 
2978 
9149 
2391 
8775 
4648 
163 
8831 
670 
1630 
4735 
2294 
7821 
6563 
4856 
3290 
1089 
6036 
9895 
5375 
8555 
7643 
7663 
8320 
7077 
3002 
7811 
4292 
3005 
8468 
703 
5321 
8975 
5961 
6370 
7410 
6732 
8599 
3422 
9087 
6485 
4774 
1651 
1399 
6266 
6263 
7892 
3024 
7448 
339 
8421 
4267 
7717 
4786 
8912 
3032 
161 
7371 
3035 
93 
3037 
1583 
4221 
3834 
7059 
3818 
6327 
3039 
1411 
371 
5967 
9069 
4677 
1483 
8158 
8297 
118 
1501 
576 
2698 
9558 
9279 
3052 
5506 
6594 
5370 
2795 
1823 
9871 
3066 
3733 
8882 
3141 
9150 
2363 
2771 
2167 
5594 
4284 
2481 
5959 
9192 
2396 
7310 
6496 
3313 
3267 
8063 
6724 
737 
3087 
210 
9750 
994 
125 
3092 
1989 
9671 
8291 
1811 
3097 
1691 
4967 
2137 
3101 
8167 
3103 
3104 
3105 
3106 
4025 
904 
9735 
3110 
3111 
9198 
4948 
3114 
8592 
5331 
5363 
3118 
794 
8694 
2717 
3122 
4246 
316 
7991 
8385 
1092 
3128 
2915 
3130 
7436 
3132 
3287 
933 
3760 
1242 
3969 
9017 
3139 
8686 
1565 
568 
3143 
4105 
8108 
8339 
3423 
1986 
7364 
3232 
3151 
885 
3778 
3154 
4053 
8744 
9359 
1185 
315 
6917 
3161 
381 
9187 
4878 
3406 
9620 
8075 
5384 
3916 
2110 
3160 
7492 
2903 
1080 
2531 
3882 
6085 
7042 
853 
6726 
3181 
3182 
2860 
3184 
8800 
1903 
6480 
74 
6884 
5419 
4299 
5900 
3193 
7536 
3871 
4727 
7341 
7386 
8387 
3417 
3201 
3202 
2216 
3260 
6731 
7721 
3207 
637 
9031 
5711 
3312 
7606 
4054 
7893 
3215 
3216 
1537 
3265 
5122 
3292 
1847 
1548 
7482 
8926 
3223 
8219 
8732 
346 
7924 
2788 
4219 
4198 
5176 
6276 
3235 
1686 
8292 
1341 
3600 
3164 
1188 
8298 
18 
4166 
3245 
7720 
3900 
2912 
132 
284 
7157 
3225 
1725 
3254 
773 
855 
1950 
8072 
6229 
8824 
5444 
7657 
6353 
9282 
8204 
2436 
189 
4790 
4089 
914 
2866 
8232 
2700 
4924 
2087 
4071 
4691 
8267 
2417 
9277 
2845 
1666 
2290 
6910 
6227 
362 
9701 
2989 
7812 
1174 
1518 
1594 
4846 
4669 
8801 
3547 
8491 
2802 
8395 
5008 
1902 
4935 
7667 
671 
3305 
3306 
6267 
3734 
8103 
3310 
2535 
1916 
6847 
2011 
7226 
1458 
2671 
6694 
5571 
992 
2610 
6391 
3323 
608 
2783 
9948 
2917 
3328 
3329 
8976 
1295 
7902 
4202 
3334 
9243 
874 
5019 
6384 
3339 
9662 
3341 
3342 
197 
3725 
3204 
8645 
5779 
4212 
2559 
2921 
1202 
4855 
9405 
182 
2493 
3950 
5618 
7650 
2413 
840 
8601 
7778 
4811 
9148 
4712 
6074 
7698 
5787 
4213 
3370 
9334 
9987 
6886 
5815 
4214 
5263 
9923 
3630 
8312 
2124 
8757 
6224 
7934 
4908 
917 
2513 
7484 
5041 
157 
7539 
1004 
8432 
3393 
1311 
7826 
6418 
6873 
5205 
9551 
5409 
1649 
9678 
1856 
8521 
4094 
988 
2382 
4931 
3445 
883 
7809 
121 
9799 
825 
3415 
772 
8795 
2082 
5236 
5121 
2215 
6560 
582 
3424 
8832 
408 
3427 
2549 
3775 
787 
4642 
8273 
184 
8472 
190 
3436 
7498 
7441 
4424 
6943 
1672 
6406 
5788 
7074 
5722 
6704 
3646 
5325 
8590 
9899 
8169 
552 
3123 
6039 
9245 
226 
8504 
2210 
6413 
7459 
4845 
6819 
2511 
3880 
7099 
4334 
942 
7551 
1952 
1953 
28 
2541 
3910 
7660 
5599 
3476 
3536 
5438 
3479 
4952 
5023 
4345 
7590 
3484 
8190 
3486 
3487 
9977 
919 
5686 
1001 
256 
3493 
2884 
8173 
502 
3698 
3718 
3499 
1123 
2061 
1608 
3503 
854 
3505 
1275 
4626 
4986 
624 
3355 
8581 
7408 
510 
3147 
5774 
6719 
1460 
3518 
1472 
8506 
1949 
1016 
5197 
7114 
2654 
1503 
8184 
3528 
1609 
4022 
2806 
4121 
732 
6576 
5351 
7707 
1285 
1405 
2660 
9845 
4650 
6618 
6444 
3544 
8619 
1097 
380 
3548 
2354 
1577 
3551 
8794 
3797 
7661 
7376 
1344 
9751 
4297 
3559 
1440 
501 
5001 
3799 
9173 
3565 
9393 
5007 
2956 
241 
9808 
6051 
5402 
6733 
1103 
3053 
1967 
1930 
6660 
3631 
4472 
3581 
8398 
3805 
5466 
3585 
7229 
5255 
142 
3710 
5503 
9500 
151 
4101 
4242 
6328 
6650 
236 
2196 
6225 
5759 
2684 
8764 
9791 
4438 
9095 
2868 
7978 
3933 
1195 
9414 
7928 
7729 
9590 
2647 
180 
410 
2797 
453 
5563 
1552 
2376 
8808 
4841 
7941 
2747 
7840 
7560 
9844 
750 
7177 
7159 
2344 
2526 
1629 
9185 
7369 
3637 
6314 
696 
7124 
905 
929 
6 
3644 
3645 
4888 
4848 
3648 
6854 
9190 
5847 
8314 
6570 
2568 
9626 
1634 
7995 
5143 
9748 
5135 
5568 
3662 
2586 
175 
3535 
3666 
3667 
5130 
4223 
5876 
116 
3672 
3673 
293 
9535 
3676 
8903 
2826 
3686 
3251 
7055 
9033 
9633 
5687 
3765 
3550 
4737 
343 
7221 
133 
8282 
7153 
4999 
6407 
9490 
455 
5089 
537 
5680 
4001 
1938 
3702 
9174 
6698 
3947 
1470 
3707 
5609 
7762 
4243 
8869 
9582 
8741 
359 
8778 
4859 
4397 
1855 
2332 
5969 
7585 
2147 
1352 
1109 
9045 
4597 
4068 
5166 
5614 
3730 
2122 
3732 
7314 
433 
3735 
4467 
5222 
3738 
9276 
4907 
2891 
6281 
4997 
3744 
20 
3746 
1764 
3748 
3115 
6661 
3513 
1748 
9443 
952 
6728 
6623 
8671 
8835 
3759 
5905 
3761 
4496 
6275 
2769 
2080 
2908 
3767 
9974 
7530 
4915 
3400 
1658 
3448 
7771 
4252 
2514 
3777 
9610 
4531 
4623 
8201 
7736 
3754 
6470 
2800 
9698 
6537 
235 
3789 
3790 
6998 
9116 
2981 
1921 
7432 
2498 
3126 
3798 
9161 
7557 
6501 
9354 
4562 
2271 
9000 
3608 
3136 
9356 
5658 
3810 
2189 
646 
247 
5691 
4020 
2499 
3679 
6324 
9509 
3820 
8597 
6451 
9838 
3824 
4838 
1230 
3827 
1318 
3829 
5942 
8939 
5218 
6012 
7757 
7998 
3658 
3837 
3043 
4352 
2705 
5713 
6945 
3749 
3868 
1336 
6409 
278 
9259 
7187 
58 
5519 
2201 
3853 
8475 
8562 
7265 
531 
9691 
2602 
3860 
9811 
6389 
34 
3864 
6533 
980 
9741 
6958 
3869 
3870 
1198 
3872 
4340 
7009 
3358 
8116 
9254 
159 
2596 
8061 
379 
3176 
103 
5693 
39 
3593 
8362 
2143 
8383 
2552 
6322 
7128 
153 
44 
4885 
1473 
6982 
9465 
1562 
4548 
2829 
2593 
1032 
7595 
4018 
4912 
9877 
3908 
8028 
1142 
5047 
3912 
3913 
7521 
1573 
4413 
3917 
9796 
4641 
3138 
7335 
4264 
8370 
7735 
2150 
6067 
7015 
1536 
3929 
3930 
1175 
5137 
1215 
8836 
3935 
2624 
8986 
916 
3001 
5811 
7064 
7473 
5056 
5064 
1455 
4795 
8122 
6952 
8711 
1049 
115 
1760 
5398 
7878 
9016 
4753 
6037 
6502 
1241 
1814 
3961 
4266 
4319 
1090 
6981 
4646 
1444 
2064 
4861 
8807 
4370 
6631 
3973 
3966 
3692 
3976 
845 
3978 
3979 
7584 
8033 
2351 
5656 
8144 
6124 
6299 
5895 
7261 
5461 
5954 
3991 
9824 
7136 
4323 
4522 
1707 
7112 
2556 
7768 
9445 
5689 
6144 
1283 
5621 
5151 
360 
5076 
398 
7848 
1496 
8141 
4987 
4757 
1948 
5907 
418 
706 
9513 
6385 
5615 
4021 
7679 
1991 
6559 
6922 
3848 
4027 
7367 
9621 
7148 
1837 
7664 
340 
7474 
4035 
4232 
2322 
5285 
4039 
4040 
6703 
4183 
4043 
4044 
3945 
9550 
9805 
117 
4049 
7888 
4051 
454 
3155 
2775 
2038 
3398 
8951 
9370 
4849 
939 
3620 
775 
2773 
5837 
4883 
1115 
724 
4760 
4069 
5068 
8356 
4072 
4073 
5518 
4075 
4076 
5582 
9896 
4126 
8967 
4167 
4082 
4083 
9649 
9966 
4557 
3003 
7183 
6386 
490 
1365 
9229 
1795 
4726 
881 
3477 
7298 
4574 
5101 
4100 
1244 
6040 
4103 
1909 
9886 
6833 
9814 
741 
7137 
2088 
4111 
9452 
3229 
2078 
9234 
4595 
2373 
4118 
4934 
9391 
1728 
9015 
7167 
7366 
3408 
2898 
1474 
7253 
4055 
4943 
4501 
107 
8527 
463 
2869 
3269 
1920 
1770 
1957 
4892 
6652 
9407 
4143 
5480 
8509 
295 
7962 
4148 
8435 
4060 
673 
2738 
3068 
9218 
4155 
7548 
6530 
2659 
6553 
7761 
2589 
9584 
229 
8908 
4052 
9743 
4058 
1532 
1877 
4170 
2571 
2702 
4173 
603 
3478 
3380 
2580 
4178 
4179 
6752 
714 
4864 
7281 
8054 
3995 
5705 
1999 
8460 
2313 
3883 
2574 
4192 
7288 
5739 
9817 
5771 
6827 
8286 
4199 
4200 
4724 
5931 
1390 
9807 
6243 
3295 
2239 
434 
8753 
7695 
4211 
3048 
7179 
2014 
4215 
4216 
6201 
6637 
6646 
253 
9083 
4222 
7044 
6459 
7884 
7918 
6984 
4228 
1366 
5734 
4028 
1118 
7443 
6985 
2935 
5440 
5406 
2401 
166 
4123 
6035 
5778 
7764 
8281 
6274 
6050 
4247 
3119 
7278 
4250 
4251 
921 
2690 
9086 
9289 
7742 
4257 
9864 
8841 
6536 
2723 
4262 
7529 
4373 
9392 
8961 
8827 
5153 
5451 
3191 
2229 
3888 
4273 
5004 
6923 
4461 
5204 
4278 
8574 
9094 
8792 
4282 
6080 
8586 
4285 
469 
2906 
2701 
2893 
4290 
7627 
3004 
3257 
6770 
788 
9056 
8334 
2010 
2132 
5925 
1485 
4302 
5072 
6291 
1491 
2462 
1560 
6740 
4309 
9285 
8501 
785 
4313 
6932 
4315 
4316 
1256 
1784 
5522 
7249 
4321 
3982 
1939 
8159 
7384 
7332 
7741 
1687 
4329 
4322 
6194 
5736 
4135 
6199 
2055 
4488 
909 
4338 
5429 
2002 
8132 
7262 
4343 
4344 
5156 
2851 
5115 
7383 
9409 
4350 
9537 
9995 
8 
474 
4355 
4356 
4016 
1531 
6607 
9697 
3660 
6358 
4363 
9953 
4138 
9353 
9875 
6907 
742 
9495 
7287 
2358 
3922 
4374 
4375 
6558 
2547 
5246 
7417 
4380 
7942 
5950 
2631 
2431 
8388 
9494 
4383 
3042 
557 
4390 
5350 
2027 
3865 
7649 
8945 
4917 
6860 
4398 
7722 
6113 
4401 
2847 
4403 
8285 
7549 
5755 
6550 
4408 
9920 
9029 
765 
1723 
6431 
1486 
1479 
5235 
3041 
925 
4419 
989 
5020 
2071 
9881 
8865 
1346 
7703 
4495 
4428 
8593 
9497 
9051 
8202 
9813 
6535 
4435 
4750 
3079 
2415 
8995 
5746 
8614 
9062 
3934 
8027 
4445 
4446 
3170 
1892 
7373 
4450 
4706 
4452 
8476 
4873 
4455 
5147 
6321 
8299 
6515 
5922 
2667 
3382 
8515 
7719 
4465 
1315 
8617 
745 
9411 
1110 
2729 
1528 
3440 
1702 
3955 
2349 
1624 
5874 
4479 
1663 
6253 
4482 
5869 
4484 
1635 
9449 
5129 
3365 
5685 
4490 
4259 
4526 
4493 
9606 
4719 
3222 
1631 
9564 
2475 
6165 
9982 
1448 
6779 
4504 
6491 
4182 
4507 
276 
767 
7608 
4511 
2442 
4513 
4634 
5317 
7032 
4517 
4518 
888 
1357 
8030 
8659 
5648 
6235 
6059 
4551 
5930 
3919 
9965 
3369 
7611 
9842 
6720 
8357 
4009 
4755 
9645 
7000 
3280 
5238 
1423 
7951 
9991 
4544 
6329 
3654 
8971 
7324 
4549 
1956 
7451 
1739 
2073 
7227 
4555 
3194 
7403 
2911 
8529 
5403 
2663 
7556 
1304 
4731 
4565 
6636 
8552 
2331 
4115 
6840 
3025 
4098 
1718 
7994 
8454 
4992 
1042 
2485 
6422 
4580 
5288 
8594 
3217 
5092 
7487 
2892 
7683 
3435 
2736 
6843 
6874 
4592 
5223 
4594 
4116 
4578 
8125 
3938 
1160 
658 
884 
6862 
4603 
5144 
9076 
274 
5262 
7569 
8372 
9801 
4611 
564 
5213 
6933 
4615 
2040 
4042 
4618 
9251 
4620 
8040 
1290 
4294 
7434 
2353 
237 
6799 
4628 
8105 
4470 
7607 
9903 
4573 
2779 
3469 
8884 
2044 
6541 
4639 
3625 
7734 
6297 
9383 
3763 
4865 
2607 
9539 
9973 
7972 
8517 
4651 
682 
1382 
4605 
3943 
7621 
4388 
7469 
488 
4177 
4661 
2434 
4663 
509 
6729 
945 
8434 
29 
1798 
129 
3896 
7965 
2037 
1874 
7845 
8863 
6711 
4956 
9125 
3137 
4681 
5750 
4980 
2125 
4685 
4686 
3685 
545 
4464 
9785 
3277 
4692 
5473 
5517 
5307 
486 
6824 
4698 
541 
6103 
5512 
7276 
5709 
1585 
4705 
4788 
8352 
2521 
5133 
9110 
3315 
1002 
9193 
851 
1853 
766 
2987 
7295 
4427 
2856 
7859 
8640 
9963 
9184 
1756 
5093 
1867 
4728 
4165 
4730 
9293 
2645 
3838 
6911 
475 
4563 
831 
7967 
6273 
4740 
3008 
8704 
1897 
7244 
4970 
5026 
1457 
89 
6278 
4436 
5565 
9478 
375 
5899 
5108 
8852 
4417 
4758 
3986 
98 
2630 
9598 
9269 
7222 
7315 
4766 
4767 
1340 
8087 
3231 
5729 
8225 
491 
8810 
9155 
5607 
1373 
3781 
1271 
1034 
7711 
1362 
5192 
2781 
3346 
8859 
747 
4137 
8888 
7172 
596 
4792 
8722 
4996 
5254 
4796 
4993 
6212 
1128 
1027 
7321 
6248 
1257 
4804 
1166 
4806 
3350 
2713 
7979 
3633 
4109 
4812 
3345 
4814 
452 
2873 
2791 
8507 
8493 
6821 
8969 
154 
7961 
3211 
9627 
4826 
5715 
8920 
4612 
5769 
9772 
6460 
9733 
1239 
2505 
3331 
6664 
8230 
5356 
1402 
2169 
4842 
8814 
1277 
3807 
3082 
2053 
5653 
5412 
9194 
9905 
337 
7646 
622 
9836 
8429 
9020 
4858 
3780 
8653 
6476 
3874 
7547 
9294 
1162 
4866 
4867 
1863 
323 
4870 
4871 
764 
866 
4874 
1169 
7789 
5743 
8752 
4195 
4880 
9810 
663 
9768 
5542 
3895 
3034 
1152 
397 
4889 
7400 
3800 
5681 
2041 
1564 
4895 
4132 
4897 
7802 
4899 
4900 
4901 
3859 
4279 
667 
4905 
1348 
8041 
8936 
4065 
47 
4680 
6962 
5645 
9331 
5032 
2350 
2156 
1487 
6220 
4547 
6348 
1809 
6094 
1061 
2761 
6755 
3554 
4928 
4391 
2004 
1994 
5976 
1047 
5245 
9927 
7134 
6021 
9256 
7205 
3655 
7455 
1595 
4130 
1790 
8035 
630 
4947 
2900 
4311 
3665 
3250 
1929 
2758 
7716 
5806 
1225 
2153 
7251 
9283 
5509 
3545 
4962 
7188 
7071 
9712 
7726 
715 
6961 
661 
4745 
3432 
2491 
3975 
1674 
4975 
7706 
2870 
1529 
7787 
9147 
606 
9224 
7774 
4306 
9238 
5270 
6760 
22 
3731 
255 
8142 
4576 
5702 
4994 
1954 
2538 
8431 
4585 
8698 
5275 
4146 
5002 
8669 
1210 
8123 
7637 
4655 
3300 
8097 
1012 
7037 
8088 
1172 
3169 
4823 
8102 
1465 
3308 
4151 
4421 
5021 
5022 
7407 
5024 
4793 
2817 
6699 
8166 
5029 
5877 
8878 
7867 
2546 
7445 
92 
2545 
4503 
1367 
1167 
6722 
7203 
7328 
8143 
5044 
7165 
4122 
4007 
5048 
7678 
5441 
5051 
5861 
6055 
5054 
3480 
3088 
9011 
2249 
2444 
9054 
9512 
5062 
4456 
9349 
2492 
1247 
7624 
2876 
1133 
7516 
9135 
4303 
5073 
3515 
8714 
4031 
4418 
8553 
4141 
3717 
7190 
3220 
5082 
9615 
498 
7533 
7750 
7896 
8080 
7976 
6957 
7426 
984 
4710 
5095 
5096 
803 
471 
675 
9005 
1094 
7644 
5103 
2862 
9714 
2919 
351 
9993 
6002 
9516 
6920 
500 
2768 
1009 
4347 
246 
5117 
7245 
9372 
1895 
281 
7327 
971 
5124 
5125 
8652 
5127 
3498 
2378 
2939 
8178 
7370 
3801 
5134 
388 
3168 
665 
7694 
9200 
1912 
1812 
4736 
8343 
4604 
1567 
5146 
5063 
9879 
590 
534 
2302 
6538 
7416 
6047 
3075 
2272 
4759 
5932 
6859 
9721 
5161 
322 
1979 
5164 
2177 
9470 
5167 
6147 
2672 
6416 
4898 
5172 
5559 
5174 
5175 
2311 
9099 
2964 
4406 
674 
5181 
8013 
659 
173 
7437 
5186 
5109 
8064 
8081 
177 
4091 
7596 
5193 
6566 
1350 
8895 
5948 
6949 
8209 
6309 
1409 
1851 
8569 
3430 
6778 
3371 
3668 
3861 
754 
1940 
8724 
4847 
907 
8666 
457 
4718 
9455 
4969 
5757 
1088 
5221 
8055 
2678 
2170 
9538 
2168 
5227 
8825 
3497 
2506 
5231 
6069 
5233 
2051 
5557 
6953 
126 
5178 
9745 
6256 
4405 
5242 
5243 
9126 
7909 
3712 
5632 
5600 
5249 
826 
9431 
7945 
1380 
2811 
1746 
5256 
3670 
2782 
7933 
4570 
88 
2123 
6643 
8551 
5265 
6240 
5080 
518 
8748 
2633 
5182 
8085 
5273 
5674 
4658 
3038 
5277 
4386 
1159 
1944 
8479 
1462 
9389 
4978 
5938 
5286 
3447 
2665 
3579 
5290 
2188 
5908 
7843 
3163 
4946 
8532 
5297 
61 
2228 
7110 
8349 
2141 
3389 
9863 
6512 
8879 
1100 
9742 
6665 
723 
2618 
5312 
3843 
2385 
3198 
5455 
3392 
6463 
841 
2693 
8217 
5322 
4188 
5324 
3452 
277 
1200 
8699 
3473 
7088 
3116 
424 
5333 
109 
7628 
6071 
5337 
9227 
1168 
2086 
140 
5342 
5343 
5344 
3502 
5740 
6672 
1768 
3239 
1093 
3426 
5352 
5353 
1063 
2706 
3246 
8533 
2617 
3671 
1187 
5361 
5652 
7528 
4971 
9657 
2101 
5782 
9565 
526 
968 
9228 
4288 
5107 
4654 
4512 
5485 
2024 
4320 
5379 
8348 
7169 
926 
1712 
7121 
368 
3431 
1005 
6277 
3803 
7525 
3830 
8771 
7505 
1625 
9203 
636 
1996 
2895 
4638 
1623 
1018 
2922 
862 
7478 
5500 
3529 
3347 
4950 
8066 
3140 
908 
181 
6493 
1653 
9186 
5416 
1224 
4773 
3455 
7641 
342 
8742 
1000 
5424 
6931 
5426 
5427 
4780 
7814 
6375 
1557 
347 
5433 
7753 
1636 
5436 
2242 
8719 
9338 
50 
6042 
878 
8891 
3722 
6231 
9819 
3806 
9816 
2562 
95 
9619 
5452 
1464 
5454 
1961 
2696 
931 
5458 
3067 
4998 
6941 
2266 
5515 
1145 
8885 
2996 
5467 
5468 
5469 
5300 
4607 
5472 
5875 
5358 
5475 
9467 
6360 
5683 
2307 
5521 
5481 
217 
7868 
4017 
2816 
3519 
5315 
9469 
4535 
8015 
1281 
519 
3359 
7522 
7247 
5496 
7737 
5498 
5499 
120 
2321 
2567 
7025 
2255 
9763 
3259 
1730 
8702 
8437 
2709 
1735 
4196 
5513 
4127 
4785 
2879 
219 
9178 
8024 
6544 
261 
1489 
5418 
4742 
6188 
812 
5527 
4539 
319 
5183 
2449 
6417 
3636 
3983 
1178 
965 
2776 
7353 
1593 
5540 
5541 
7701 
4922 
7029 
5545 
5052 
6601 
2714 
8965 
5550 
9781 
9960 
489 
5554 
4756 
4012 
6236 
5558 
3489 
9951 
5508 
2447 
5074 
3085 
5602 
504 
6738 
3661 
4030 
5570 
2301 
871 
1998 
6445 
7312 
5373 
5577 
7442 
6802 
3714 
1176 
7508 
4392 
2325 
9938 
906 
8896 
105 
1530 
3683 
3878 
5592 
8596 
6185 
7219 
748 
3902 
8665 
9865 
4775 
8685 
3240 
5603 
5302 
3553 
4983 
1990 
4875 
8060 
6180 
1539 
8651 
6739 
7846 
4190 
3274 
9663 
9332 
5295 
8342 
5882 
9090 
5623 
3404 
5625 
5626 
5627 
5628 
9934 
911 
3530 
6432 
9998 
4274 
3706 
9047 
8483 
792 
4965 
307 
7150 
3755 
6296 
1807 
9898 
7271 
5647 
3332 
4581 
7472 
6935 
9952 
1248 
2878 
5120 
9715 
71 
6106 
5659 
5477 
484 
7857 
7580 
5208 
7767 
3737 
7751 
2063 
5414 
5670 
3751 
9571 
9476 
4697 
2520 
1997 
5677 
2361 
395 
9014 
1370 
1450 
7815 
4385 
3591 
2136 
382 
6713 
2422 
5690 
7184 
248 
108 
5694 
6569 
7130 
1276 
6809 
5042 
6156 
7234 
7540 
2979 
8716 
5631 
6858 
8183 
333 
676 
4635 
9850 
1104 
9499 
13 
4827 
6528 
2595 
8937 
3465 
7146 
769 
9220 
4556 
9674 
7654 
5726 
3089 
5207 
2646 
3958 
859 
331 
6173 
8234 
1616 
6033 
6403 
2708 
7107 
25 
3598 
5070 
5640 
1705 
2146 
3546 
5747 
6825 
1211 
3462 
245 
2194 
7834 
7555 
7154 
3845 
9430 
7839 
2943 
3641 
9142 
2515 
2133 
2171 
6826 
1035 
6075 
4869 
7779 
5516 
6936 
4096 
2865 
5850 
5775 
5776 
3952 
1558 
5261 
5855 
7851 
9665 
5783 
5784 
4396 
124 
8747 
5883 
5789 
523 
5791 
5792 
7372 
3700 
2626 
5796 
7385 
3482 
1570 
6639 
5801 
4092 
3353 
5804 
5805 
4955 
7368 
4802 
1432 
924 
9261 
4276 
9936 
7392 
2185 
1356 
5992 
3523 
5844 
7756 
8618 
7186 
2524 
1433 
5825 
7832 
8152 
1121 
9959 
8231 
4011 
1495 
2889 
9237 
2692 
1598 
7307 
3258 
2364 
4253 
3289 
9374 
5212 
8252 
7963 
5846 
4499 
7357 
4616 
1498 
8271 
5852 
4921 
2342 
8943 
7296 
1995 
8360 
4560 
4988 
3069 
2395 
5046 
5864 
8031 
5892 
8767 
940 
843 
1643 
7413 
1508 
9131 
836 
4656 
8571 
1554 
2560 
8954 
6162 
8367 
7705 
7930 
3578 
3615 
8588 
4903 
3129 
5889 
3279 
279 
9789 
5918 
3325 
3221 
5450 
365 
5569 
3657 
2609 
5901 
5902 
4586 
7129 
470 
5906 
5556 
6871 
3055 
5910 
7633 
1527 
1461 
1590 
7450 
6104 
5917 
8772 
8610 
5920 
5097 
7842 
1386 
9708 
9373 
9682 
5927 
4530 
62 
9884 
2046 
3303 
5933 
5923 
414 
5936 
2883 
4770 
8761 
3011 
5941 
7166 
3583 
642 
9820 
5946 
5953 
6140 
9257 
477 
9270 
5952 
9822 
4453 
9520 
5188 
3996 
5958 
1419 
791 
3653 
1568 
7790 
3901 
9717 
6899 
8928 
8148 
4536 
6337 
5971 
9320 
2121 
4798 
9515 
5119 
2237 
2405 
7862 
8382 
6642 
5982 
9650 
4210 
1306 
5371 
641 
6121 
9127 
2471 
4794 
4884 
8990 
5994 
2625 
8866 
5643 
1782 
5999 
5990 
6001 
4882 
6003 
6004 
5289 
7571 
6007 
2362 
7496 
6010 
6011 
9806 
4407 
7274 
7932 
936 
1183 
1006 
3652 
7290 
3284 
7512 
1520 
6024 
2620 
2828 
3065 
3175 
3953 
7732 
6031 
6032 
4332 
6816 
4369 
7904 
6097 
6043 
1264 
2274 
1574 
5099 
8442 
7666 
1918 
8736 
5154 
6048 
4023 
5803 
6677 
6773 
4678 
1122 
9225 
3588 
6362 
8032 
4525 
1031 
8289 
4268 
9716 
6064 
9642 
4360 
3372 
8427 
1632 
185 
6495 
8170 
1857 
224 
3449 
7440 
7985 
4254 
1305 
7378 
2095 
5306 
1662 
6803 
5848 
6086 
6126 
5259 
3402 
947 
9683 
6105 
7447 
4131 
6095 
6200 
2952 
8938 
9694 
6479 
1794 
1478 
1499 
1141 
4389 
4589 
1613 
8449 
2827 
2967 
6111 
2416 
4400 
6504 
4203 
544 
3121 
9664 
3720 
221 
5988 
1053 
2750 
6596 
3858 
6295 
6127 
5538 
780 
9303 
8016 
5593 
5457 
6019 
5272 
6507 
1816 
4702 
6139 
3821 
2575 
4690 
4448 
3852 
1993 
834 
3027 
2339 
6149 
6150 
174 
6481 
6420 
5991 
2848 
4038 
6157 
3708 
7618 
7452 
335 
4129 
1196 
3333 
4410 
3766 
6167 
4081 
6169 
6811 
7178 
6837 
860 
499 
3012 
9281 
6177 
485 
2054 
5610 
5447 
7402 
9557 
3795 
6114 
3711 
6187 
5423 
4422 
5535 
6191 
8909 
9912 
4331 
9734 
6196 
6197 
8008 
5589 
1985 
249 
8508 
3206 
2009 
9079 
6206 
7523 
6189 
191 
958 
7023 
9909 
605 
5162 
6215 
1541 
1688 
8254 
532 
8695 
6221 
4687 
1638 
6913 
4487 
8972 
918 
7280 
8984 
6230 
10 
1913 
1 
5979 
1422 
1576 
1263 
8789 
2959 
8857 
6272 
8119 
3568 
318 
4625 
6034 
561 
5808 
991 
9740 
8374 
9292 
7786 
6254 
6255 
5215 
4538 
5425 
7214 
9866 
9402 
8839 
5313 
1544 
6265 
3021 
5996 
4474 
1516 
6270 
1575 
9063 
9579 
4409 
87 
1114 
5795 
4954 
9140 
3463 
5486 
5190 
55 
611 
2655 
6286 
6287 
2260 
6289 
6290 
6890 
5629 
271 
6294 
4197 
9568 
4839 
2785 
7233 
574 
6301 
9788 
2648 
1059 
6258 
1428 
1106 
8419 
5200 
3340 
8341 
6312 
1078 
2282 
1033 
6316 
5257 
8197 
2855 
4225 
2901 
2224 
4480 
1546 
9779 
2839 
1747 
6336 
8994 
5083 
6525 
6332 
8510 
857 
6335 
7215 
8277 
114 
7489 
6340 
3960 
3684 
2933 
4093 
3857 
5428 
4707 
2752 
3564 
4732 
2975 
1102 
4361 
7180 
6467 
1217 
1076 
5323 
2756 
2234 
5827 
7343 
6363 
6364 
2670 
3999 
4830 
6368 
1407 
2858 
6371 
3985 
2042 
8701 
2902 
9700 
3127 
5575 
2821 
4632 
3992 
6382 
9019 
8038 
4387 
2658 
7542 
5712 
3124 
6390 
4951 
3281 
6393 
6524 
251 
6396 
4117 
5431 
6399 
9635 
4693 
6458 
5974 
1865 
4368 
4575 
8635 
6408 
4667 
4963 
1959 
5733 
7752 
2904 
292 
9553 
2315 
2151 
8047 
1363 
1377 
65 
5688 
7869 
3180 
946 
6427 
6900 
6831 
6119 
7094 
2712 
6433 
3833 
8237 
222 
1490 
6438 
9109 
6440 
7449 
4876 
9416 
7710 
6745 
6446 
6518 
3366 
4164 
6968 
1825 
3596 
6453 
5817 
8366 
3256 
6457 
2931 
9089 
1899 
8959 
6462 
6089 
6461 
6465 
7597 
1628 
6656 
70 
5768 
861 
1208 
9947 
6474 
4521 
6023 
5328 
6410 
7591 
5859 
7090 
8466 
7747 
6484 
2789 
8773 
6487 
2130 
8222 
4149 
8881 
6939 
5177 
7067 
439 
3081 
6455 
7754 
4647 
2737 
9061 
1300 
6628 
6478 
6505 
4985 
9024 
9854 
8351 
46 
3095 
699 
4378 
7072 
6178 
6516 
2479 
9613 
9572 
7457 
7056 
6497 
8595 
3619 
9593 
2028 
3061 
5887 
1911 
7394 
3616 
6829 
5561 
7636 
1796 
6669 
2406 
6100 
8078 
9010 
1414 
3867 
6543 
9166 
6333 
3897 
7220 
913 
3531 
4717 
2263 
6552 
8883 
5214 
1068 
6556 
4660 
4709 
9286 
7076 
8211 
6870 
2965 
3814 
6775 
2319 
8358 
3226 
2265 
3063 
4261 
813 
2632 
7603 
9660 
2927 
977 
5566 
6579 
7118 
5534 
9546 
6583 
697 
2764 
1497 
963 
789 
6285 
1716 
768 
2448 
2786 
9113 
3570 
1601 
8029 
8046 
2097 
7593 
4156 
9869 
6603 
6604 
6605 
4281 
3046 
8445 
3467 
179 
8269 
9942 
8658 
5075 
8163 
8609 
6617 
369 
6619 
9830 
2233 
3197 
1866 
3611 
631 
1021 
6898 
356 
3219 
2970 
8093 
6627 
6759 
6634 
9188 
9892 
664 
2368 
7583 
1754 
8418 
5981 
882 
6644 
6965 
6649 
3213 
6938 
4447 
8776 
1965 
1880 
2948 
7759 
6655 
9100 
887 
273 
7349 
9961 
4269 
6667 
1274 
7673 
6062 
7743 
1322 
6668 
8613 
6670 
8275 
1288 
9415 
9040 
638 
651 
6466 
7104 
2032 
8512 
6681 
9438 
6683 
3729 
3990 
3090 
135 
7045 
3817 
9933 
4844 
2793 
2410 
5507 
3567 
4230 
6697 
312 
2880 
515 
8295 
3612 
3689 
7841 
7152 
6250 
6707 
3656 
6160 
5549 
7876 
4939 
7138 
5868 
6715 
7825 
7992 
4112 
9396 
1793 
6721 
3077 
9711 
8734 
6725 
864 
6727 
2232 
8414 
6730 
1706 
3373 
9242 
1513 
2338 
1696 
7973 
5567 
9522 
468 
5298 
1028 
6695 
8332 
7309 
6796 
7145 
6748 
1395 
1209 
6751 
9202 
8805 
6997 
5367 
3613 
2314 
6758 
8180 
8488 
5880 
6456 
9344 
1721 
6546 
6766 
9296 
7268 
5202 
8663 
6771 
6772 
131 
3819 
7686 
6471 
740 
6774 
2822 
6780 
7396 
6499 
3343 
7866 
8425 
5814 
6787 
6788 
6789 
9603 
1140 
9157 
1506 
3249 
1820 
5564 
2697 
915 
1410 
6800 
6508 
5579 
7500 
8261 
7829 
6806 
9394 
8126 
6812 
6810 
6807 
5993 
9027 
5179 
9689 
1158 
6817 
6347 
459 
5258 
4652 
6832 
6823 
6820 
305 
3335 
8338 
9638 
1958 
6134 
3233 
3772 
1722 
1569 
6835 
4824 
9230 
6838 
8803 
7361 
6708 
842 
8018 
4104 
6845 
6306 
8109 
7911 
5588 
2397 
8646 
6852 
8459 
1359 
2653 
1314 
6857 
2813 
2317 
8487 
7156 
252 
846 
3453 
6865 
14 
6867 
6868 
7632 
2528 
832 
6872 
8729 
1050 
776 
9168 
8556 
6737 
7375 
901 
4829 
7181 
3677 
6412 
4286 
4399 
6887 
6897 
8392 
6213 
8156 
6892 
9488 
6894 
4918 
1345 
720 
5140 
4475 
9213 
694 
4277 
7725 
3691 
8769 
9855 
2920 
8958 
707 
1937 
4161 
2199 
9280 
8712 
6044 
6916 
3131 
6673 
5016 
6992 
6921 
2283 
3252 
6924 
7414 
1680 
6927 
1030 
5873 
2250 
9872 
3847 
3539 
6934 
9104 
8318 
948 
2102 
5732 
897 
8007 
6942 
2532 
6696 
1771 
4293 
437 
709 
6245 
6950 
3091 
1808 
265 
3387 
6955 
8262 
8401 
2585 
6959 
8578 
1500 
6414 
6963 
6964 
5636 
6966 
5551 
2540 
2805 
6970 
9654 
3784 
691 
4559 
4341 
6611 
99 
8484 
8988 
6980 
2787 
9025 
6983 
1704 
7237 
1081 
7435 
6146 
6919 
192 
5644 
207 
6993 
1029 
413 
7672 
6404 
8361 
8495 
6405 
352 
3210 
7003 
7852 
3275 
8248 
7007 
349 
8935 
9053 
1553 
6883 
9136 
4653 
2573 
4175 
2798 
9719 
7301 
4185 
1977 
3165 
7889 
3376 
2803 
7026 
7389 
3690 
366 
1259 
4688 
374 
7061 
9858 
1517 
6344 
5011 
5159 
6367 
7040 
9868 
2799 
2969 
1430 
5354 
3562 
1710 
2726 
7049 
7050 
3209 
8218 
4209 
4600 
6101 
9655 
6658 
2104 
1780 
5964 
4636 
3348 
3891 
6951 
8453 
2310 
716 
9310 
1603 
9907 
4249 
7225 
2225 
6562 
7075 
1700 
9342 
7078 
1742 
4312 
6506 
3491 
4218 
7873 
4145 
7086 
4945 
6529 
6302 
1690 
1138 
7092 
7093 
7415 
7095 
6896 
7097 
7098 
1776 
2686 
7101 
546 
5849 
7318 
2742 
7106 
9295 
3367 
7168 
5576 
5034 
4048 
4584 
4520 
1862 
756 
7117 
3688 
234 
7120 
6379 
7581 
7123 
9600 
2381 
7126 
4258 
3787 
9333 
3321 
3418 
9846 
9580 
9322 
7135 
4160 
8606 
8212 
5065 
516 
404 
632 
935 
6155 
2960 
2834 
5464 
4657 
9970 
876 
7151 
8900 
8090 
5975 
8740 
6861 
5314 
165 
5773 
7160 
1054 
6351 
7163 
2897 
2832 
7506 
3927 
5388 
2034 
5198 
12 
9119 
1052 
4217 
7915 
6702 
8006 
1222 
5798 
9797 
5613 
7471 
3560 
3638 
7161 
5158 
3466 
923 
4822 
3944 
9217 
3850 
7193 
4913 
533 
2429 
4086 
521 
4893 
7200 
3561 
8978 
5157 
9404 
6712 
7206 
7207 
1657 
9390 
2754 
4534 
7696 
7213 
2158 
1443 
7216 
5642 
3911 
9266 
9503 
2867 
4744 
1267 
6937 
9826 
3524 
3152 
7228 
3586 
5977 
6008 
7232 
9451 
9450 
7235 
7515 
4460 
4772 
330 
7240 
7241 
8455 
2570 
5528 
3237 
7246 
1932 
6045 
7351 
2184 
6077 
7252 
5326 
6517 
7255 
8537 
9139 
8140 
8020 
1338 
1622 
8216 
1970 
937 
6210 
3276 
828 
8200 
2346 
3610 
9233 
1907 
3575 
8198 
7275 
2517 
2478 
4395 
7279 
5105 
4514 
2950 
9464 
7284 
2896 
7286 
6398 
1945 
6851 
6020 
7260 
5529 
7293 
5453 
8396 
6928 
2605 
9132 
7299 
5456 
200 
9327 
7975 
4468 
8922 
1418 
4326 
7308 
8844 
7860 
8811 
9659 
8966 
8898 
6030 
4442 
7317 
1858 
9611 
5706 
6168 
8921 
9375 
2404 
4275 
8107 
7638 
6049 
3971 
7697 
5116 
9475 
8952 
7334 
2727 
5283 
7337 
344 
3263 
7340 
1611 
7342 
6057 
4006 
5483 
2812 
5345 
7348 
6909 
708 
9729 
7352 
6120 
7354 
5785 
7356 
1906 
8452 
1287 
370 
7111 
9545 
6331 
3764 
1214 
4927 
7828 
5802 
8541 
3856 
8783 
2792 
2174 
595 
8246 
9398 
5537 
3687 
5738 
3696 
7381 
7382 
7769 
5050 
6117 
2780 
7387 
6912 
5840 
7390 
6889 
6025 
7393 
122 
7395 
774 
7397 
6641 
3134 
8998 
6315 
9786 
6808 
8306 
2218 
5721 
3887 
3511 
4807 
7566 
2159 
5970 
4346 
8974 
2279 
4457 
6714 
6511 
2924 
3159 
7421 
3507 
1325 
7424 
7425 
1317 
9747 
7428 
1931 
7430 
5661 
9647 
7647 
9246 
4640 
5372 
5185 
8191 
8790 
3203 
3438 
7659 
4233 
1282 
9267 
9453 
6339 
6115 
9762 
82 
2765 
771 
2463 
817 
3709 
2502 
1065 
7458 
4381 
7460 
5820 
3534 
9607 
3470 
8725 
341 
7467 
7131 
5106 
3368 
7639 
3716 
4357 
8542 
7475 
8293 
1646 
2359 
7479 
7882 
9904 
3704 
3227 
4272 
7485 
6017 
784 
2016 
8662 
571 
7491 
5573 
7493 
7822 
7495 
4543 
3836 
3475 
6885 
5136 
7501 
53 
8321 
4283 
390 
8942 
7507 
3727 
6182 
9182 
9181 
1969 
4821 
4879 
1467 
8717 
7517 
7518 
8949 
522 
3932 
268 
3019 
7524 
4684 
7526 
7048 
5090 
4371 
5890 
9922 
5163 
1351 
7534 
734 
5470 
7080 
2949 
9258 
9569 
7541 
6387 
6223 
7544 
7545 
8750 
1925 
3556 
8788 
7550 
8523 
7552 
7553 
11 
9284 
6744 
4891 
8458 
8243 
5862 
21 
7562 
6283 
5913 
3757 
2997 
7010 
392 
9832 
2695 
1523 
2162 
8721 
7574 
1683 
8577 
2264 
7578 
6926 
9676 
6979 
8660 
5378 
3980 
2085 
7586 
4587 
8310 
6616 
148 
1750 
2962 
6350 
6878 
2211 
7925 
2291 
3632 
7599 
7600 
4085 
3674 
9798 
2392 
7605 
3541 
6138 
9448 
1303 
7610 
9695 
1025 
7613 
1266 
1412 
4649 
3968 
3243 
8682 
7620 
9472 
2116 
7651 
9755 
1347 
1971 
6700 
9641 
660 
7630 
9688 
9012 
5634 
7634 
2947 
5526 
7476 
3909 
1621 
260 
373 
6081 
1374 
949 
2296 
5150 
3253 
2252 
4394 
8117 
5484 
1637 
7053 
9367 
1199 
7656 
3496 
7658 
2762 
9151 
6381 
6769 
4819 
4032 
1787 
8880 
3135 
7668 
2824 
575 
4916 
8649 
8242 
7674 
2336 
9602 
4995 
4206 
4679 
6879 
4003 
7682 
3752 
7359 
6298 
687 
6510 
9803 
7689 
1180 
1299 
7692 
3316 
6392 
512 
430 
6279 
1337 
4552 
4817 
8205 
1149 
156 
9536 
8784 
7420 
2278 
7708 
5897 
3590 
4781 
7236 
9586 
7714 
8749 
112 
104 
9581 
8798 
2582 
3997 
8611 
4415 
4768 
7865 
8324 
7036 
1919 
4152 
8564 
7731 
8927 
7733 
266 
3889 
2113 
3178 
8728 
2639 
3196 
4327 
6166 
6442 
16 
2555 
7746 
3363 
3621 
8858 
2348 
2152 
7143 
5216 
9042 
7755 
6678 
2777 
3013 
464 
3512 
9533 
6345 
6054 
7908 
9335 
7766 
9321 
2084 
4818 
8402 
2247 
9992 
9900 
987 
5043 
5794 
5045 
3401 
2894 
9624 
8104 
3230 
7783 
9943 
7785 
5401 
3903 
460 
7497 
2905 
6723 
5898 
5112 
7794 
7795 
2303 
1087 
8955 
5386 
5748 
2221 
7891 
6192 
9241 
4854 
7806 
6814 
223 
4239 
1379 
8311 
2178 
5377 
5608 
8203 
9275 
6307 
3322 
2293 
1556 
4235 
6424 
4124 
6099 
9103 
2103 
2026 
7907 
9189 
7830 
8932 
2564 
2719 
8856 
8989 
5622 
2165 
7838 
1778 
6334 
7912 
7988 
7483 
3010 
3522 
3177 
6373 
9361 
7849 
7850 
8539 
4840 
5491 
7854 
7855 
5411 
7684 
9687 
3302 
6746 
9783 
4554 
8691 
6026 
1441 
3931 
4700 
9679 
1096 
4959 
3033 
3890 
3386 
1648 
7875 
3049 
7877 
2197 
755 
7880 
2191 
7535 
5697 
4019 
7885 
7350 
7116 
4050 
9037 
1559 
2579 
1915 
4412 
7894 
2295 
7900 
3098 
3543 
4761 
3437 
7901 
8405 
9608 
5611 
296 
7931 
3413 
957 
6818 
7910 
7625 
9023 
7913 
6292 
5821 
6568 
35 
1469 
5831 
7920 
3022 
7922 
7923 
585 
578 
527 
7927 
6659 
7929 
5655 
9473 
5904 
5724 
3936 
497 
7936 
8050 
1872 
6208 
9684 
9382 
6597 
7091 
9138 
9329 
3173 
3993 
7948 
7949 
8851 
8128 
2977 
7953 
2565 
7782 
5741 
7957 
808 
589 
7960 
5180 
2045 
6176 
1484 
1232 
1614 
7133 
7968 
7969 
5586 
3020 
5267 
4751 
7974 
4590 
7818 
2470 
2105 
9118 
2007 
9727 
1792 
3782 
1371 
9890 
7986 
3602 
4224 
7989 
7990 
2930 
1561 
8946 
3200 
9985 
7996 
7997 
8557 
5395 
5973 
8001 
4064 
8755 
4134 
7212 
9622 
7499 
8494 
6839 
244 
736 
3179 
1542 
8014 
2056 
3468 
8017 
3044 
5536 
7939 
8021 
1698 
9487 
4437 
2991 
8793 
6452 
6130 
9175 
5701 
1955 
3205 
5692 
8034 
3429 
5730 
2767 
9761 
2472 
735 
6687 
8118 
8791 
8044 
8045 
1101 
6793 
8534 
9422 
7006 
9437 
3036 
8053 
5260 
3774 
7858 
7401 
6688 
1323 
5842 
2637 
3000 
4120 
1819 
9263 
3771 
8305 
2619 
5211 
9710 
4013 
6684 
5279 
5865 
2190 
1654 
3083 
9343 
5149 
1445 
4528 
4227 
8083 
2476 
7047 
2838 
2140 
3521 
8513 
6786 
8091 
5678 
8530 
8094 
1685 
8096 
9432 
8098 
3074 
9152 
5584 
2489 
4919 
4240 
623 
7926 
4550 
8409 
3811 
8110 
6137 
5420 
4666 
8340 
9567 
3876 
7704 
6967 
6242 
36 
9397 
3886 
6781 
8146 
5756 
3942 
1098 
3742 
6689 
96 
8131 
3344 
5943 
4324 
5754 
6109 
9738 
1358 
761 
4665 
6423 
4991 
2581 
2036 
1726 
7231 
9009 
7201 
6717 
604 
8654 
6632 
8153 
1480 
4957 
560 
8309 
9360 
1617 
8160 
2213 
2886 
3444 
5069 
5359 
9426 
8963 
4598 
1435 
6960 
2356 
4245 
3495 
4930 
4748 
7070 
5194 
6118 
7921 
8461 
8496 
700 
5835 
726 
8185 
9250 
9265 
4226 
8189 
6251 
6747 
2725 
286 
8194 
4953 
9133 
1046 
5514 
8247 
3481 
2621 
599 
9421 
9746 
1717 
3148 
6366 
6903 
679 
2075 
8579 
9527 
8213 
8600 
5616 
5240 
4564 
5606 
1733 
6925 
9891 
7217 
1134 
7879 
8602 
4108 
2437 
302 
8162 
600 
4090 
8524 
556 
5947 
505 
9105 
3607 
327 
2207 
635 
6995 
5014 
3939 
4567 
9379 
4715 
8057 
8115 
239 
4057 
7185 
7940 
7935 
3965 
201 
8256 
9834 
7824 
8720 
2486 
8718 
6574 
9782 
8575 
1301 
8266 
5209 
3791 
8624 
8270 
8829 
1901 
4834 
9981 
3242 
2794 
9439 
8278 
139 
8280 
7713 
5284 
8283 
9007 
2267 
1715 
8287 
1320 
8549 
4095 
8241 
2006 
5963 
9979 
2599 
7292 
5199 
1941 
1873 
4163 
5348 
3425 
6226 
6145 
9849 
6679 
9418 
5841 
8371 
6588 
3062 
6088 
2937 
3456 
4477 
5460 
1893 
196 
579 
3967 
4920 
1453 
5510 
6575 
6070 
8326 
8862 
8328 
8329 
757 
6143 
1442 
8333 
9652 
8335 
8336 
1975 
8543 
8346 
7063 
5434 
6578 
6490 
8344 
941 
8985 
8347 
2452 
5301 
2864 
8947 
8845 
4979 
6219 
3272 
2809 
6610 
2270 
6430 
1697 
2668 
562 
8363 
8544 
692 
6179 
6395 
8436 
6262 
5696 
5699 
8641 
9795 
969 
7465 
9932 
8406 
690 
1551 
8380 
8381 
8656 
1584 
5972 
3678 
1251 
6112 
2980 
3446 
8227 
1884 
4462 
8393 
8394 
4754 
1355 
8397 
3582 
4853 
5823 
291 
7243 
5978 
6804 
5533 
8925 
8407 
8408 
2386 
51 
513 
7538 
3212 
9291 
8415 
781 
6288 
7947 
6123 
17 
1255 
6940 
8423 
5915 
2360 
7175 
9441 
7844 
301 
1394 
8906 
7084 
9777 
558 
7122 
3989 
3045 
9143 
5036 
8440 
1831 
7699 
2276 
4545 
1387 
3023 
5368 
9634 
1731 
8450 
821 
4056 
8623 
2583 
4911 
6397 
1116 
4568 
5439 
4599 
6261 
1010 
2005 
8464 
4508 
1753 
6041 
2414 
8469 
2808 
3643 
7069 
2966 
4863 
2275 
713 
8837 
752 
2804 
7197 
254 
4977 
2426 
2203 
9839 
8486 
3694 
2512 
8489 
8490 
9591 
8492 
879 
3379 
7837 
3218 
8497 
4765 
1203 
300 
4502 
1803 
4797 
69 
134 
6304 
9530 
7983 
7887 
6313 
8873 
6680 
7740 
8514 
4463 
9122 
8550 
7259 
208 
8520 
9646 
5170 
1262 
1671 
6905 
8258 
5718 
8528 
289 
7405 
9377 
8296 
2843 
2652 
8535 
9769 
7801 
6757 
8679 
8540 
2497 
1039 
63 
8364 
9092 
7987 
3428 
8327 
2208 
8548 
7081 
3762 
2603 
3362 
2433 
9060 
9384 
3361 
9957 
8560 
8770 
2925 
9631 
1936 
3587 
9226 
6654 
2427 
9835 
3214 
4664 
5098 
8573 
2968 
5671 
8576 
2409 
7531 
3884 
6527 
3629 
8582 
8643 
8584 
9528 
8754 
5916 
2615 
8589 
8766 
9680 
4519 
899 
718 
6239 
4359 
6651 
8598 
3918 
5641 
1592 
5114 
6435 
4733 
8605 
3199 
7648 
9067 
1987 
9566 
5226 
4902 
9752 
4191 
7626 
5939 
7194 
7018 
3054 
9790 
2875 
8779 
7065 
5929 
731 
5836 
6554 
6882 
4301 
7304 
5123 
8177 
3238 
8634 
1896 
7817 
6734 
8638 
6264 
9518 
3649 
8642 
8583 
2111 
3542 
9825 
5010 
5676 
5679 
8650 
9861 
9345 
213 
1875 
4441 
5980 
5206 
3796 
4256 
1861 
1744 
9197 
4671 
986 
5598 
5832 
2759 
7614 
8195 
9035 
4376 
5435 
8673 
6676 
8675 
8703 
1307 
5633 
1641 
3841 
8681 
7619 
8683 
1871 
870 
1120 
4333 
8688 
5280 
8690 
5546 
1013 
1135 
5591 
6573 
8696 
7020 
2588 
4579 
1777 
2929 
2262 
6355 
593 
3703 
1642 
1964 
5810 
8709 
8710 
158 
6914 
8412 
1280 
6377 
3595 
514 
2612 
6918 
1449 
5271 
5986 
8723 
3319 
1451 
8726 
5723 
8485 
6581 
8730 
4317 
5478 
9480 
5710 
8735 
9247 
8389 
1463 
4714 
2810 
6828 
3624 
3166 
3877 
8745 
8746 
6514 
4923 
448 
209 
8751 
3574 
83 
7739 
5253 
5067 
7322 
7380 
1734 
2715 
6238 
1236 
8470 
4351 
8765 
8076 
8244 
8768 
983 
553 
9696 
8657 
2164 
4193 
3793 
6411 
8777 
193 
7971 
1525 
4789 
8782 
4140 
9685 
8785 
9893 
7601 
5612 
1841 
3311 
6690 
5894 
263 
2679 
4572 
8188 
9505 
285 
8176 
5145 
912 
8802 
3792 
8138 
5319 
6359 
6805 
2662 
547 
7362 
525 
1549 
2451 
9249 
3268 
7827 
5220 
428 
1736 
8820 
8821 
1023 
3070 
7462 
1333 
8826 
4372 
8522 
3770 
9219 
7142 
8302 
4041 
8834 
6066 
146 
2527 
8074 
417 
7700 
8756 
3149 
1679 
1045 
4799 
8846 
9457 
4204 
8849 
6323 
1740 
2627 
9484 
8854 
5077 
6972 
4561 
1438 
9555 
8056 
8106 
9403 
8114 
8864 
8559 
4194 
1605 
9901 
1758 
9205 
8871 
8186 
9071 
314 
1258 
8913 
6671 
8930 
5446 
4940 
5224 
1206 
425 
9668 
7903 
8253 
9358 
6365 
8889 
215 
9171 
7272 
3740 
8894 
5196 
1058 
9507 
3623 
8899 
6592 
7258 
3614 
8439 
6207 
9158 
9525 
5985 
7559 
3190 
6572 
573 
3031 
4936 
4168 
8915 
7429 
6429 
152 
9215 
4828 
317 
7254 
6346 
6612 
8377 
2807 
303 
8255 
9124 
6549 
3288 
7831 
3962 
4974 
6038 
170 
3474 
1220 
8257 
548 
8941 
2477 
2076 
7709 
5919 
7993 
5853 
8637 
5838 
2297 
4779 
8037 
8987 
4000 
6282 
3009 
950 
7715 
3172 
8308 
7847 
2217 
1124 
8911 
9543 
5463 
2198 
3569 
1254 
7230 
7655 
5338 
8973 
1597 
3076 
760 
2329 
7202 
7391 
8130 
1190 
4791 
5800 
3396 
7108 
1647 
5327 
6564 
5400 
3093 
8991 
3167 
9887 
4825 
4439 
8996 
1182 
5719 
8999 
9059 
2744 
3509 
9003 
8236 
3381 
6171 
2613 
5717 
8147 
5707 
686 
3753 
3412 
5025 
1832 
6175 
8962 
8819 
5560 
3609 
396 
9672 
2953 
4354 
6794 
3107 
3390 
7617 
9978 
3527 
7671 
9117 
427 
9034 
1981 
1524 
1534 
3162 
2641 
7773 
9048 
9302 
728 
7676 
294 
3854 
5203 
2443 
9804 
6205 
3713 
4079 
4862 
3026 
2161 
2490 
9057 
8886 
8705 
5341 
5281 
7316 
9378 
9064 
6522 
9066 
2407 
2466 
2108 
9843 
1533 
9072 
9073 
863 
7379 
6170 
9077 
4244 
5111 
6864 
5663 
9082 
2308 
5863 
5731 
4720 
3016 
1099 
7788 
8628 
2503 
9589 
9065 
5833 
1610 
2983 
1238 
5287 
9946 
8416 
9101 
8982 
6093 
3964 
3604 
8828 
5809 
6791 
3120 
2025 
2454 
9112 
6638 
2131 
6268 
8251 
749 
2957 
7014 
9120 
6547 
3264 
2899 
2081 
1900 
5244 
6842 
6991 
2519 
9130 
6211 
6531 
4047 
9134 
2079 
7946 
9137 
4325 
7470 
3407 
889 
8036 
8067 
3314 
9145 
7807 
4416 
3364 
1326 
2287 
5005 
9115 
2999 
9154 
951 
3601 
385 
320 
204 
4926 
1038 
4676 
9163 
9164 
2990 
2438 
2488 
443 
4837 
9170 
6523 
3377 
6615 
2347 
4881 
8214 
9183 
7027 
2323 
1806 
6361 
2030 
8612 
9944 
7057 
3192 
5110 
5366 
7285 
1620 
9191 
3078 
2707 
2292 
8516 
240 
1882 
3112 
5854 
3642 
9201 
5184 
3399 
6058 
2819 
1132 
9880 
6756 
199 
892 
8680 
9776 
7198 
59 
5391 
3721 
6128 
4674 
3563 
7477 
5339 
164 
588 
3508 
5201 
7944 
4777 
6629 
9496 
1692 
3516 
4593 
2015 
4569 
9235 
6990 
1708 
4314 
8095 
891 
7804 
4743 
7002 
7800 
7170 
4624 
7012 
9046 
3142 
2837 
9371 
7813 
9253 
7777 
7546 
9773 
2421 
9337 
2611 
5595 
1073 
66 
2372 
1064 
8187 
5944 
1197 
6582 
9318 
1143 
5585 
9605 
9273 
1376 
9592 
3769 
2642 
2644 
6815 
238 
6293 
9162 
6749 
2988 
1943 
5896 
9526 
6736 
4255 
3144 
1599 
730 
7572 
8929 
9018 
3030 
9297 
1817 
9299 
9300 
9301 
4809 
4420 
9304 
9305 
9306 
5921 
9308 
8301 
9980 
2341 
9312 
9313 
2128 
9315 
2035 
9317 
2432 
3357 
2669 
7856 
2982 
8697 
6072 
6441 
4621 
3597 
9328 
5237 
9330 
5210 
6657 
3385 
1615 
9915 
8907 
1082 
4890 
3352 
409 
7488 
9667 
8631 
6763 
1738 
9346 
9347 
9348 
3133 
9350 
9351 
466 
7313 
559 
7954 
6989 
9357 
416 
3157 
9098 
9036 
6571 
9363 
5664 
9365 
3693 
1494 
2836 
4454 
8670 
6078 
7039 
3832 
9442 
187 
3349 
1670 
9462 
7895 
9380 
3017 
2031 
5393 
6378 
5797 
4271 
4099 
7519 
5934 
8799 
2510 
6246 
2187 
1606 
8365 
6850 
7211 
9775 
6785 
7504 
6520 
1810 
2377 
5360 
3071 
9406 
2070 
9408 
4349 
304 
8804 
9412 
9917 
4310 
4289 
7419 
9921 
810 
9419 
9420 
1368 
5292 
2280 
6152 
9425 
4713 
3915 
8155 
9463 
3506 
7645 
8193 
9433 
8981 
4377 
7209 
9111 
9050 
5968 
9440 
4776 
5132 
7573 
9207 
5879 
8672 
3981 
4725 
3102 
1890 
3825 
5751 
8049 
1839 
8931 
9204 
6598 
9458 
9459 
9460 
5720 
4763 
1163 
3409 
6608 
9466 
8992 
9252 
5870 
4287 
2257 
4189 
1319 
640 
9058 
8039 
3248 
9818 
8220 
5015 
8069 
4236 
9483 
1703 
3494 
7612 
5396 
6234 
9489 
205 
9491 
9492 
429 
8376 
2435 
8182 
4430 
458 
7780 
2465 
2691 
2954 
9595 
6498 
9937 
3937 
9614 
9508 
6866 
3 
7399 
6303 
5397 
9514 
60 
3972 
4423 
712 
9519 
3500 
2366 
1156 
9523 
9524 
4237 
5131 
2388 
9658 
9529 
7028 
783 
8174 
1171 
7763 
2355 
4716 
1279 
3298 
386 
9540 
9541 
311 
2942 
2993 
795 
6148 
9547 
9548 
2784 
3383 
2940 
9578 
5777 
6915 
819 
3855 
1785 
3236 
9559 
9560 
8239 
9562 
5422 
8893 
3726 
2743 
4887 
565 
4015 
9570 
4782 
4704 
4695 
9574 
9575 
9576 
9577 
9552 
141 
782 
8968 
5649 
9316 
5956 
9862 
9309 
3893 
9588 
3618 
5113 
3297 
7635 
877 
1043 
4162 
9596 
9573 
4723 
1213 
5547 
9601 
6005 
5530 
9604 
850 
8179 
1709 
4739 
9815 
8151 
6318 
2457 
5334 
3454 
8276 
8979 
9728 
9618 
2091 
2273 
162 
2584 
9623 
1077 
9625 
377 
3875 
2334 
9629 
7248 
1084 
9632 
2119 
8448 
6400 
9636 
2748 
2445 
4601 
9078 
4485 
6742 
8145 
9644 
5867 
5437 
5407 
1724 
3552 
1689 
9651 
5239 
7959 
1655 
2013 
7033 
5380 
1446 
1391 
119 
9661 
446 
2687 
5040 
7718 
5303 
2441 
9656 
9669 
9670 
5580 
4529 
7054 
1060 
6060 
4505 
299 
5049 
4747 
1923 
9681 
4265 
6091 
5819 
2246 
7171 
4805 
2542 
8689 
9690 
6164 
4752 
6280 
6310 
1378 
7066 
2746 
6195 
9744 
1429 
9172 
48 
9703 
143 
9705 
2694 
7691 
130 
9709 
746 
1309 
445 
4067 
8051 
6419 
2430 
4147 
2675 
4014 
7192 
1769 
3510 
9723 
4749 
9341 
9726 
4613 
4231 
6986 
348 
9731 
7950 
5217 
5834 
3572 
9736 
7513 
7977 
6271 
6198 
8441 
8245 
3244 
797 
5432 
7062 
9640 
9041 
7344 
9102 
9724 
1978 
9753 
9493 
8554 
9756 
6640 
5772 
8172 
9760 
7588 
6000 
3768 
8482 
9765 
3064 
3158 
1563 
4972 
4689 
3804 
1804 
4296 
9774 
9704 
7155 
5893 
2254 
3831 
9780 
6426 
8914 
113 
5502 
487 
169 
2425 
4205 
1226 
6186 
3566 
8240 
3537 
5126 
8644 
7819 
2423 
2616 
8781 
9800 
3946 
9802 
7872 
9049 
8840 
677 
7127 
6595 
5581 
7060 
801 
9812 
493 
838 
4110 
6584 
8924 
6682 
3395 
8042 
9821 
6489 
2755 
231 
2622 
9159 
681 
8960 
9395 
3736 
1860 
2772 
8607 
5543 
8424 
3813 
9837 
1139 
5160 
6893 
1011 
4532 
3420 
2601 
511 
5035 
5310 
9848 
1421 
6260 
9216 
5230 
3699 
1693 
5765 
9856 
9857 
654 
5085 
9860 
7218 
583 
9231 
9129 
4150 
7100 
1834 
6388 
8526 
9870 
6027 
3682 
9873 
8868 
3047 
8284 
9114 
9429 
1165 
4443 
7575 
9882 
5017 
1859 
3330 
7016 
5191 
407 
2212 
394 
1835 
364 
2100 
5824 
3040 
5296 
1714 
3635 
6009 
3060 
9874 
38 
3809 
4102 
4364 
8565 
8471 
6577 
5596 
3117 
1245 
8279 
9913 
306 
8983 
3815 
8904 
9918 
9919 
6326 
9417 
5060 
1324 
9924 
517 
5465 
4982 
6439 
5665 
9298 
8467 
1752 
4617 
2482 
1105 
5813 
3617 
8413 
3573 
2473 
1147 
4619 
3844 
4379 
9945 
5364 
1844 
6454 
5187 
9950 
7404 
970 
2972 
5799 
3293 
7182 
5998 
6482 
3926 
1252 
2984 
570 
607 
1434 
4174 
1234 
3270 
9968 
1219 
9272 
354 
9972 
5816 
9030 
5786 
9976 
8964 
3785 
8294 
1673 
7115 
6776 
3317 
6635 
6621 
9986 
8446 
5320 
6534 
2050 
7333 
2598 
7886 
9994 
8655 
6625 
3224 
2399 
9999 
