8128 
8119 
2678 
305 
6468 
1819 
1025 
7505 
3198 
7094 
10 
1123 
7610 
5082 
2766 
2032 
763 
3962 
3573 
9896 
8689 
1471 
4072 
9949 
24 
8322 
9797 
6100 
7511 
4528 
4899 
182 
8573 
2475 
2502 
35 
9511 
3379 
470 
859 
40 
7739 
6454 
1928 
44 
4081 
2888 
144 
48 
2579 
1965 
4014 
579 
3149 
1864 
5396 
266 
4385 
946 
6981 
8078 
5575 
4039 
63 
8100 
8989 
66 
8443 
1694 
3381 
3634 
6036 
1808 
3176 
74 
75 
8431 
1101 
3273 
2132 
4525 
8792 
5147 
2129 
84 
1828 
1612 
3735 
88 
9996 
762 
91 
7148 
6806 
3973 
2726 
96 
8015 
98 
3478 
3662 
8902 
7383 
103 
8281 
7444 
106 
2944 
5414 
6882 
4413 
3996 
8685 
5453 
1538 
1492 
1070 
3174 
1626 
7918 
3173 
1228 
1254 
9231 
7289 
6631 
11 
1114 
4619 
7053 
4894 
131 
132 
8633 
6155 
4250 
2118 
351 
9441 
1387 
3289 
3891 
3246 
143 
7352 
5734 
3355 
6630 
6278 
8496 
7979 
6173 
8538 
1849 
154 
7984 
3641 
385 
1418 
159 
7748 
5334 
6340 
810 
1326 
3199 
9883 
3503 
4763 
9911 
6521 
503 
8221 
5484 
174 
175 
2871 
471 
1527 
4795 
7121 
5232 
7199 
5981 
5550 
8198 
186 
6863 
7792 
6774 
8613 
7620 
1700 
3676 
6057 
195 
2775 
5820 
7578 
9249 
200 
7681 
9954 
203 
4146 
6844 
5652 
4861 
299 
4889 
775 
6509 
1086 
7767 
9562 
5666 
4311 
5674 
2817 
1233 
220 
8569 
3643 
2186 
1109 
8085 
3011 
960 
1525 
9552 
6783 
649 
7777 
233 
5143 
1075 
9563 
237 
238 
970 
7872 
122 
4034 
3691 
3808 
7041 
8753 
247 
248 
249 
164 
6657 
252 
157 
4714 
255 
5829 
7652 
2404 
5053 
8815 
4342 
6622 
7443 
9889 
9317 
7300 
3692 
8962 
2317 
1004 
2876 
6885 
273 
274 
5893 
276 
3801 
8181 
7981 
738 
3858 
9660 
6337 
6275 
6074 
5102 
287 
7599 
7592 
9510 
2047 
6080 
6641 
6439 
7813 
8186 
4011 
245 
352 
5398 
4842 
6874 
303 
8670 
5488 
2583 
3270 
4881 
3027 
7716 
4225 
2067 
4970 
7186 
7470 
3881 
973 
318 
931 
3975 
321 
8108 
7923 
474 
1588 
9829 
3026 
4185 
2239 
8382 
9034 
6380 
333 
1290 
6568 
5858 
5009 
1698 
339 
100 
1984 
342 
4323 
6280 
5169 
9246 
9921 
675 
2371 
1079 
8175 
9998 
3005 
354 
9051 
1409 
6877 
3059 
9919 
2407 
4787 
7424 
478 
6691 
365 
5899 
6927 
1871 
369 
2158 
3502 
3612 
3130 
5823 
4801 
5619 
3465 
265 
7479 
6946 
1846 
4289 
6176 
2471 
8216 
3105 
4845 
388 
8779 
390 
5878 
9325 
393 
9786 
1463 
785 
8419 
202 
4737 
9636 
401 
8680 
1493 
7718 
5799 
6644 
9894 
5408 
3654 
3993 
618 
5728 
3557 
8688 
4459 
416 
6378 
418 
3647 
6523 
2509 
9206 
8003 
5745 
2881 
3031 
427 
428 
1644 
7422 
8760 
432 
433 
5643 
325 
7665 
3508 
438 
9719 
1333 
3724 
4280 
5248 
1544 
4752 
7219 
447 
5944 
9708 
9639 
451 
452 
8897 
8877 
8332 
456 
7449 
8895 
4407 
2398 
4797 
3308 
463 
2539 
9627 
1986 
4332 
5563 
7854 
7431 
8705 
1100 
473 
3401 
1302 
411 
1914 
3086 
8835 
5228 
7301 
4991 
4157 
4233 
437 
9275 
487 
488 
5171 
1215 
502 
5088 
5272 
494 
495 
813 
497 
498 
6932 
5998 
957 
9031 
6151 
7703 
8996 
8418 
2153 
1134 
1329 
3079 
1779 
227 
8998 
3892 
7693 
9453 
5984 
4987 
331 
7081 
8002 
6991 
662 
3718 
8189 
9769 
1581 
2967 
6837 
4338 
882 
7862 
3578 
6822 
535 
4400 
1456 
5516 
673 
8107 
9527 
542 
5054 
544 
545 
1624 
2904 
7302 
5420 
550 
1019 
4191 
8657 
3255 
7317 
1135 
1478 
319 
7290 
8666 
7824 
6642 
5602 
60 
6016 
9999 
5132 
5290 
1701 
6435 
4893 
5220 
136 
8303 
9093 
3397 
577 
4471 
1834 
580 
7890 
4473 
583 
9293 
6829 
643 
8389 
9182 
589 
7791 
2107 
7122 
682 
6111 
5482 
5409 
16 
598 
9185 
149 
1211 
9464 
4802 
6557 
3111 
606 
607 
1842 
609 
2133 
5785 
7752 
8059 
7939 
3754 
3099 
2573 
7742 
9156 
1678 
2063 
1152 
2269 
7523 
5566 
4387 
558 
6315 
1435 
3477 
9964 
4396 
2655 
4793 
635 
419 
5387 
7126 
9702 
3267 
7394 
8700 
234 
1512 
6591 
2400 
647 
648 
8323 
7997 
7001 
8651 
5474 
4065 
1137 
1317 
8960 
9106 
8362 
1995 
6896 
8510 
8795 
12 
4603 
1932 
9420 
4595 
1316 
8745 
6455 
58 
1923 
7709 
8913 
2258 
677 
9589 
2525 
8366 
2176 
7452 
683 
777 
1575 
686 
6462 
6532 
2342 
8243 
4469 
4445 
5120 
4183 
695 
3549 
169 
2345 
7695 
8716 
2941 
702 
2648 
6322 
2027 
7485 
4393 
9893 
2545 
5336 
693 
2322 
713 
6415 
2321 
8449 
4874 
5853 
155 
5898 
1974 
722 
1170 
7687 
1854 
7278 
727 
9793 
7244 
730 
9963 
6890 
6166 
8349 
3275 
8869 
1724 
5299 
3923 
740 
165 
8634 
3112 
3780 
3539 
7711 
1534 
6923 
347 
7904 
6608 
7400 
2374 
6271 
17 
756 
1720 
819 
6679 
7512 
2976 
7544 
9042 
6351 
8854 
2285 
337 
7811 
6740 
3042 
3645 
3427 
773 
4384 
2565 
1768 
3746 
1832 
379 
9929 
1746 
3074 
783 
6182 
448 
4951 
3361 
4930 
789 
1399 
4144 
3195 
9191 
7205 
9133 
796 
797 
9624 
5958 
6386 
801 
5495 
5860 
1470 
805 
332 
2457 
808 
9380 
7477 
1985 
4493 
4454 
6895 
8088 
3742 
4657 
818 
2902 
972 
5968 
3954 
3406 
5067 
3458 
826 
1309 
828 
7190 
4963 
9030 
832 
9652 
6187 
8029 
2791 
7941 
4518 
4192 
5480 
1764 
6795 
3455 
2363 
3919 
5932 
4489 
1203 
4581 
1501 
8590 
852 
853 
9009 
9712 
3616 
3317 
2822 
6719 
7235 
9612 
5907 
5647 
4811 
4099 
6542 
8709 
5931 
2045 
9859 
5847 
872 
2174 
874 
4937 
5395 
877 
1613 
8585 
7145 
7619 
9841 
7968 
5394 
9193 
9933 
6408 
3368 
6222 
4721 
7779 
4051 
282 
2892 
8116 
4680 
1445 
1051 
5370 
7566 
901 
902 
1663 
904 
4331 
9255 
907 
1679 
949 
296 
7152 
6311 
913 
2461 
8993 
5133 
4578 
918 
83 
6277 
2587 
2581 
9054 
7899 
6484 
926 
7117 
9827 
526 
4504 
5274 
8093 
9779 
6825 
6471 
2349 
6692 
7868 
1598 
8723 
4670 
5584 
1791 
944 
4109 
4377 
7014 
8404 
7628 
6092 
5392 
2839 
953 
954 
7865 
4442 
6537 
8686 
4193 
4131 
161 
5187 
9369 
2740 
9366 
5821 
7096 
30 
4909 
239 
4336 
1499 
3196 
6968 
2078 
2865 
6321 
7572 
582 
346 
3591 
3826 
983 
205 
9303 
9391 
987 
4439 
9502 
1659 
3357 
992 
1714 
9444 
3008 
5957 
7656 
998 
6292 
7447 
7213 
160 
7603 
4496 
8556 
4541 
6451 
1901 
2848 
1010 
3404 
9670 
1013 
7388 
9412 
1016 
4696 
8171 
7195 
3875 
6582 
2596 
9242 
8663 
4824 
6142 
2226 
9482 
3150 
1030 
7861 
4026 
4565 
461 
8242 
1036 
1037 
6411 
9470 
1040 
2225 
3590 
1043 
8302 
1297 
3933 
7252 
3262 
79 
8383 
8720 
317 
1053 
7848 
4444 
5026 
3412 
1058 
3980 
2208 
1757 
1062 
3852 
2782 
2664 
5783 
4304 
4959 
1102 
6089 
5645 
1072 
4189 
6159 
5356 
8141 
2538 
1078 
3384 
6216 
9273 
4010 
1780 
1000 
6139 
809 
1692 
1088 
7617 
1205 
8863 
1092 
2993 
8062 
7883 
194 
2971 
1210 
2373 
7353 
1459 
8437 
278 
6144 
5401 
2326 
1107 
2857 
7154 
1110 
6788 
3276 
9237 
2161 
13 
1116 
4927 
5017 
1893 
2866 
3968 
2643 
4931 
7667 
660 
1126 
856 
6887 
5512 
575 
1131 
2992 
6257 
7744 
4770 
2307 
671 
6254 
1139 
3280 
417 
4590 
3140 
8176 
2875 
270 
9951 
9109 
8241 
1150 
5491 
9224 
1153 
1154 
2808 
8235 
9390 
2168 
8865 
9857 
5780 
5214 
3045 
9590 
7953 
5255 
2425 
7376 
3035 
6683 
8064 
9378 
7993 
1383 
1175 
21 
7999 
1178 
4878 
5192 
1736 
7969 
5534 
1008 
9631 
3115 
1187 
3577 
1876 
9267 
1191 
1104 
6873 
2712 
9822 
1866 
3602 
3711 
1364 
7905 
555 
29 
5600 
2949 
7149 
1206 
1207 
5775 
4850 
3588 
4101 
1212 
8925 
1214 
1461 
5789 
224 
2284 
6124 
8120 
9236 
5199 
3521 
7971 
4958 
9055 
5151 
8411 
2012 
329 
1231 
2314 
7408 
7964 
1235 
5386 
4650 
97 
9528 
1240 
3071 
1242 
4058 
8049 
3133 
1246 
9349 
7649 
9076 
7528 
1941 
6817 
7064 
4240 
4446 
1256 
4230 
5569 
4394 
3452 
1261 
1262 
1263 
9852 
2206 
2435 
4500 
1185 
800 
3596 
3014 
9221 
4827 
2142 
5464 
1276 
6096 
8964 
1279 
4333 
978 
8372 
1881 
9677 
1017 
458 
7413 
7926 
2381 
704 
5523 
9064 
3913 
9789 
7533 
1792 
6733 
5973 
5086 
7034 
3694 
6639 
1204 
1304 
5227 
1125 
7933 
6801 
9655 
845 
7499 
4030 
1313 
2529 
1315 
8236 
9784 
4996 
1464 
1584 
5811 
7193 
5468 
3172 
1325 
522 
1327 
5099 
4064 
4494 
9432 
1621 
3931 
6502 
7658 
8909 
271 
9936 
9791 
7612 
2741 
596 
1343 
1344 
7720 
2281 
9000 
8388 
7943 
3321 
3939 
8190 
5545 
1354 
1496 
9069 
5786 
795 
8046 
1360 
2338 
1362 
2157 
5206 
9357 
197 
1367 
1368 
2918 
5084 
8296 
4822 
9608 
3771 
6796 
9454 
925 
1378 
533 
6097 
9178 
1726 
5587 
1494 
9886 
4517 
9650 
8298 
6485 
8521 
7743 
9821 
4684 
1394 
9208 
8923 
1500 
3802 
244 
8624 
2765 
3598 
7596 
1404 
3028 
6658 
7441 
9292 
8525 
4660 
9332 
1412 
792 
1414 
5175 
7241 
1417 
920 
7346 
6181 
9414 
6917 
1529 
4426 
1425 
1426 
1427 
9946 
7613 
4890 
5772 
3292 
1433 
6717 
5868 
846 
5552 
8776 
1442 
6445 
7894 
4621 
8766 
6620 
8887 
6476 
4205 
2748 
3684 
1467 
1451 
3197 
4075 
8453 
1455 
2512 
1457 
5343 
5574 
7467 
1608 
2934 
2205 
6520 
9808 
8806 
8531 
4863 
1469 
9157 
1603 
2491 
7571 
2832 
4094 
8752 
6118 
4364 
1422 
3504 
2694 
3057 
7166 
8205 
8560 
7823 
1264 
1488 
9680 
9351 
7550 
4263 
4308 
6252 
7526 
5354 
3829 
2490 
8103 
6651 
8828 
4084 
6627 
7541 
1299 
752 
9711 
5648 
709 
2956 
2518 
9721 
8873 
9116 
5699 
512 
1966 
9940 
1519 
6614 
8358 
7402 
5200 
4226 
9695 
1526 
8268 
5264 
1605 
8464 
1226 
6434 
6670 
8620 
4000 
8621 
1537 
1825 
2454 
8808 
8277 
4248 
932 
3514 
7483 
6255 
7907 
9077 
4924 
9328 
8040 
1552 
150 
6417 
4693 
6705 
1557 
3989 
4586 
7773 
4563 
8438 
3499 
7503 
2861 
114 
6355 
3221 
7537 
1570 
8033 
8855 
5774 
9558 
6501 
7653 
5138 
3972 
7002 
814 
6132 
1582 
5589 
2497 
754 
223 
5225 
5687 
9749 
9760 
2139 
6318 
6422 
9418 
5576 
7271 
1894 
135 
6527 
1600 
5279 
3313 
1890 
8966 
5624 
1397 
2575 
6183 
8297 
7161 
8005 
8896 
76 
5351 
9703 
4702 
1617 
1618 
8363 
9006 
1651 
8804 
1623 
8165 
1625 
4359 
4596 
358 
1629 
7706 
2527 
1444 
1633 
3494 
1635 
5378 
3420 
4138 
7688 
6861 
4074 
2974 
193 
4296 
8511 
1646 
2084 
1250 
9282 
272 
1823 
7038 
6602 
5682 
3233 
3687 
1657 
1658 
6765 
1069 
4946 
1662 
903 
3080 
2513 
1028 
7807 
8535 
1669 
1841 
3946 
9324 
7552 
4416 
7936 
839 
1676 
3663 
908 
7531 
6212 
4819 
1683 
2025 
3965 
1686 
1687 
2325 
531 
6508 
8918 
2171 
3354 
5857 
7344 
1696 
288 
9773 
504 
5661 
8156 
9187 
208 
2350 
1705 
1706 
712 
9764 
1763 
3024 
2769 
1712 
2496 
9409 
281 
3713 
2656 
9024 
8217 
2739 
1721 
2233 
8269 
737 
8409 
1136 
2698 
7310 
3159 
8534 
6666 
7897 
1888 
5021 
9796 
6105 
3345 
9812 
4975 
4428 
499 
7800 
6503 
3316 
4437 
6943 
5777 
4707 
8380 
2595 
3083 
2458 
5720 
6891 
9207 
2283 
829 
9247 
9057 
1760 
8489 
2240 
6401 
3686 
3957 
3572 
9125 
4597 
4008 
1054 
5127 
4318 
7428 
1774 
2738 
1776 
6119 
8458 
8390 
2493 
1781 
9385 
1783 
2406 
293 
1786 
1787 
1788 
1789 
5713 
2402 
1296 
71 
5767 
9294 
1953 
8640 
1357 
1799 
2043 
6475 
1802 
7518 
8408 
2625 
8137 
6799 
6712 
7268 
8017 
5333 
3204 
4035 
1814 
4524 
2854 
969 
1818 
2593 
1497 
1821 
1730 
7513 
4799 
8068 
8763 
2341 
4135 
7044 
938 
2614 
2169 
5613 
3210 
72 
2165 
3885 
1838 
6552 
7482 
3448 
171 
7729 
836 
4640 
9806 
8265 
5942 
5776 
1850 
1184 
3155 
5085 
7556 
2975 
701 
6781 
1858 
8399 
5148 
687 
8486 
6963 
8857 
2436 
15 
134 
8929 
1869 
1870 
7568 
4208 
7076 
1874 
9944 
8367 
8162 
8786 
7065 
8166 
6335 
3809 
1883 
9772 
1885 
8679 
403 
1733 
4618 
7769 
243 
1571 
8995 
619 
1895 
1896 
6202 
9595 
7663 
9628 
6488 
4546 
7877 
6789 
7749 
1742 
475 
1269 
9759 
8773 
5950 
524 
1609 
2594 
9296 
1916 
1917 
9279 
507 
749 
5260 
1922 
3380 
1924 
1925 
8871 
2950 
3113 
1973 
4683 
9360 
4968 
3194 
1300 
3789 
4352 
3890 
5797 
9610 
1286 
8384 
2636 
184 
1944 
8368 
5669 
9084 
6154 
9675 
4022 
8536 
1952 
9286 
5895 
2456 
1956 
9148 
1958 
2925 
1960 
1615 
8796 
9422 
43 
2970 
5355 
8051 
2786 
9734 
8567 
1971 
590 
2197 
214 
4498 
1976 
7265 
1978 
3904 
5609 
2897 
6436 
1856 
4592 
7372 
5101 
1665 
1567 
5651 
8976 
2391 
1691 
9271 
627 
6056 
5055 
1480 
1580 
9651 
2000 
4523 
8387 
7697 
2004 
1884 
3482 
7194 
6730 
2009 
2010 
9913 
6551 
7227 
2014 
6579 
2016 
2017 
5791 
4740 
7331 
2021 
7462 
7187 
7108 
2959 
2026 
4870 
2653 
699 
1684 
2031 
4005 
6731 
2097 
1541 
3604 
4161 
3160 
2699 
8305 
2041 
2042 
1800 
212 
7699 
6450 
3903 
9794 
7624 
5955 
2051 
5004 
3053 
843 
2055 
1558 
7340 
2058 
1057 
6797 
8485 
3129 
468 
1947 
2065 
6831 
2077 
3659 
8006 
6164 
5194 
6114 
6072 
70 
5287 
2076 
1954 
5710 
2079 
4395 
6736 
5930 
3437 
3293 
5238 
4283 
1695 
3630 
2836 
5784 
4804 
34 
2315 
6952 
6884 
8632 
6363 
2098 
9258 
5717 
2486 
7226 
2048 
2104 
6715 
2106 
9315 
1820 
2109 
5349 
7554 
4181 
8057 
6310 
207 
4339 
2117 
6496 
2295 
6370 
2121 
6158 
3952 
5490 
225 
2126 
4686 
5725 
8555 
7420 
2131 
8227 
610 
3908 
9566 
3366 
5912 
7115 
3673 
4539 
9535 
7169 
3523 
6041 
3322 
5885 
4794 
537 
7294 
5478 
9026 
7821 
5921 
3878 
6908 
1909 
4897 
8052 
2159 
6030 
4085 
9281 
8507 
434 
6218 
6098 
7942 
2218 
6066 
4971 
1528 
2172 
2173 
6127 
484 
2814 
9183 
1353 
8715 
7434 
5760 
1830 
6115 
6107 
1566 
363 
4533 
1389 
1671 
2190 
9200 
6398 
2193 
2194 
2195 
7006 
1398 
2419 
7911 
2200 
5908 
3799 
7207 
1556 
3286 
1265 
2207 
6780 
3469 
1586 
3302 
2212 
5426 
7243 
7771 
3512 
2217 
2413 
9082 
6986 
6558 
2736 
9306 
8851 
4170 
1027 
7118 
4807 
350 
301 
8952 
8726 
1024 
2234 
4216 
1236 
2667 
7676 
8665 
657 
2331 
2242 
2243 
8731 
2245 
2246 
2394 
7565 
5046 
3930 
9163 
54 
2863 
955 
6854 
2256 
1677 
881 
5990 
4028 
822 
7986 
1449 
2264 
4326 
9722 
2267 
6769 
1381 
5411 
3912 
1604 
7493 
1198 
2421 
5678 
3708 
2278 
8090 
6116 
1308 
2122 
8697 
1977 
5001 
8206 
4275 
1845 
5738 
5421 
4935 
5634 
8225 
1717 
8717 
5183 
9194 
2298 
6571 
9979 
2301 
4877 
2099 
8759 
7102 
2306 
7453 
2995 
4305 
2310 
4875 
2312 
3346 
8846 
6833 
5382 
8514 
8275 
4562 
6481 
4356 
1020 
1693 
2324 
5056 
3783 
6638 
4335 
694 
4956 
3781 
4389 
7046 
2334 
1513 
2811 
9706 
4379 
3117 
1619 
2535 
435 
8850 
753 
8809 
5373 
2347 
2846 
1039 
3501 
2351 
4786 
5375 
2183 
2355 
2408 
4360 
2358 
858 
7668 
7690 
9099 
6665 
3459 
1145 
4422 
6900 
2368 
8237 
1108 
4365 
1355 
1099 
5816 
2375 
5810 
2377 
2378 
9837 
7980 
3810 
1734 
6368 
1408 
2947 
9519 
5985 
3128 
1273 
1559 
9613 
2105 
6714 
1508 
1680 
6985 
776 
3999 
3715 
5172 
5508 
6790 
7248 
6652 
5548 
2856 
7250 
4869 
6075 
8600 
3806 
6818 
6040 
4834 
6102 
1560 
8429 
1083 
6515 
6800 
261 
3052 
4406 
6888 
1167 
9015 
5525 
4001 
3284 
1809 
2443 
2432 
9436 
2434 
7150 
2955 
2001 
7636 
2439 
2440 
1482 
595 
7277 
5039 
8371 
2127 
4925 
7450 
2915 
4055 
8314 
2452 
945 
5291 
997 
2609 
8007 
7080 
7928 
3303 
2592 
7315 
5170 
8192 
2465 
2519 
2467 
9469 
4256 
2552 
1675 
7700 
250 
2474 
7030 
2476 
2477 
177 
6920 
7468 
2481 
2482 
8094 
2484 
7175 
3795 
851 
8076 
715 
9333 
9216 
7272 
7004 
1369 
7231 
8011 
9530 
7442 
9032 
3652 
9814 
1124 
1267 
4430 
4429 
9688 
615 
65 
1197 
849 
2511 
2238 
8575 
6992 
719 
3524 
8859 
883 
4089 
2520 
5249 
3003 
493 
3880 
6480 
2627 
2072 
2094 
187 
2530 
2531 
1857 
1400 
4617 
7303 
429 
5754 
8584 
1306 
2540 
7060 
8151 
304 
5677 
2638 
2546 
711 
2266 
2951 
528 
4108 
6359 
2553 
3025 
128 
7337 
5113 
6914 
2559 
2560 
8191 
2339 
7629 
6032 
8270 
5803 
2567 
5644 
9462 
2570 
3171 
656 
254 
534 
163 
3744 
1709 
6660 
3116 
2619 
8318 
4242 
9037 
2187 
4758 
9449 
747 
4859 
8402 
8609 
3350 
587 
7956 
7898 
6128 
5639 
4515 
2598 
6346 
3964 
8168 
2602 
8876 
7581 
262 
2606 
8545 
8019 
93 
9311 
3982 
5344 
2928 
5293 
2880 
2599 
3824 
5987 
309 
8118 
2621 
9114 
5071 
283 
4783 
6904 
3950 
9653 
2629 
3307 
1491 
8513 
2896 
1111 
2754 
364 
6298 
7466 
3191 
356 
5472 
5891 
3094 
9768 
6894 
2646 
9697 
9831 
2423 
1592 
2651 
6006 
9632 
8232 
716 
5486 
3087 
4126 
5322 
2818 
7584 
7967 
59 
7448 
5593 
690 
6038 
3301 
6091 
6859 
1372 
516 
2673 
7994 
8801 
772 
5161 
4628 
2679 
8257 
9892 
8838 
2683 
7621 
1988 
3597 
7912 
2688 
2689 
937 
6662 
7576 
9669 
9245 
6333 
2696 
678 
5894 
464 
2086 
6002 
1243 
2703 
3462 
9505 
8124 
3340 
6727 
952 
5178 
2711 
6364 
5913 
2714 
3274 
4481 
7321 
571 
2405 
5844 
9982 
5294 
4420 
6643 
1748 
4608 
4526 
4093 
3358 
2219 
8605 
7137 
8459 
3664 
2735 
7480 
1554 
3722 
757 
9622 
823 
8143 
5441 
9503 
5714 
3883 
6201 
1993 
7202 
5331 
1066 
5729 
3230 
4920 
2037 
8105 
2757 
9181 
1458 
7691 
8218 
2762 
1349 
764 
1907 
6024 
2767 
9501 
23 
9855 
4774 
2772 
5792 
803 
9774 
2776 
89 
2453 
6162 
2780 
4133 
9005 
3584 
8092 
4550 
9496 
179 
7063 
2789 
2790 
2908 
2792 
4163 
9666 
5636 
584 
9861 
9061 
4115 
462 
8990 
2428 
2532 
5888 
2805 
6163 
3476 
1155 
2809 
6093 
2336 
7279 
744 
6208 
99 
7645 
442 
9410 
5098 
2820 
2821 
1287 
4506 
4038 
1668 
7609 
151 
1503 
6519 
8870 
8263 
257 
3667 
7963 
1402 
2460 
2837 
6048 
2175 
4555 
1656 
2842 
8377 
7916 
2845 
5064 
2554 
4710 
6444 
1332 
768 
2852 
7049 
959 
8770 
2603 
5764 
1486 
6145 
8075 
6059 
5296 
7921 
6995 
4329 
6965 
8299 
4386 
36 
5672 
176 
3416 
928 
9201 
4002 
1989 
1836 
5061 
6385 
2615 
8001 
7781 
3058 
6348 
2885 
4674 
7580 
1063 
6545 
5376 
7826 
9634 
745 
395 
5886 
7701 
6405 
5153 
7618 
6122 
2901 
9171 
173 
2335 
368 
2906 
4061 
5302 
1946 
8881 
2911 
2912 
2907 
1129 
6702 
2367 
4155 
5967 
2919 
2920 
8077 
767 
6456 
2924 
8982 
8032 
338 
2613 
2929 
5610 
1751 
7130 
8566 
1282 
7507 
3202 
9692 
8478 
2143 
1115 
6353 
5601 
5839 
5157 
9673 
2946 
1880 
6469 
8214 
8986 
8940 
6760 
2953 
2954 
6167 
7182 
7151 
2958 
9460 
5416 
7489 
9739 
2708 
9220 
9388 
5903 
8215 
9980 
653 
2287 
6934 
734 
2973 
5700 
4732 
6756 
1829 
4351 
7946 
7082 
5058 
1127 
6511 
6832 
3457 
2986 
2742 
8733 
6407 
7439 
109 
4431 
1093 
5362 
602 
4644 
5417 
842 
2999 
2177 
1022 
7240 
5685 
4965 
562 
9625 
6483 
7261 
2146 
3234 
3413 
3012 
3013 
1271 
3015 
7375 
982 
9619 
3019 
7162 
3021 
8147 
5377 
8803 
5800 
8604 
8365 
9304 
2660 
8744 
3062 
4631 
3608 
7731 
962 
7109 
3305 
9508 
4480 
3327 
5902 
3665 
5977 
6646 
4412 
4607 
8649 
7704 
1498 
3050 
3051 
2422 
8035 
7230 
7945 
2826 
5212 
6640 
2357 
8509 
2768 
6530 
9583 
7817 
5230 
8045 
6659 
5463 
8278 
6823 
7789 
6590 
9974 
782 
2370 
7163 
8401 
6776 
5835 
927 
8357 
6250 
3394 
8337 
979 
9096 
4716 
4858 
4258 
4620 
367 
9479 
930 
4868 
3095 
4816 
2418 
3098 
4290 
9392 
4273 
9165 
3103 
3104 
6073 
8139 
9603 
8856 
472 
621 
632 
743 
2942 
5454 
3868 
1462 
9277 
3341 
9395 
5284 
788 
64 
2003 
3124 
3146 
3126 
8747 
9049 
2062 
6053 
3131 
6316 
5626 
2869 
1865 
9804 
3137 
8315 
3151 
8101 
3834 
9059 
4261 
4722 
6762 
6958 
2860 
5567 
6956 
3068 
5275 
3843 
5521 
3259 
2311 
4677 
9140 
1220 
9244 
6612 
6416 
3162 
57 
3625 
8780 
1826 
3167 
5962 
6440 
8652 
2571 
9010 
3188 
9830 
726 
3152 
7270 
3178 
5109 
887 
705 
3481 
6738 
3184 
4634 
5559 
3929 
3791 
8614 
2585 
7409 
3192 
1681 
3352 
4865 
7875 
3803 
4449 
6179 
8482 
2178 
2936 
3203 
3619 
6399 
4602 
4348 
4282 
778 
1744 
6189 
9411 
6238 
4972 
6046 
5925 
6704 
9736 
9932 
3583 
3995 
3222 
7753 
9153 
6307 
8580 
1561 
9334 
1310 
8905 
5876 
3001 
1655 
3978 
4854 
3637 
4553 
9553 
4286 
9459 
3241 
5280 
389 
9977 
8394 
1221 
4994 
5337 
6775 
9559 
3251 
3252 
3253 
37 
554 
6938 
9090 
3258 
4784 
9173 
640 
1340 
3263 
2517 
4648 
4392 
6723 
8572 
8934 
8018 
5240 
7683 
5295 
5919 
735 
1892 
8533 
6680 
323 
8522 
1749 
2746 
3283 
3298 
5440 
383 
4700 
2705 
3108 
1466 
3142 
7855 
8728 
7787 
3295 
5937 
7020 
5949 
3901 
3300 
1174 
7919 
3207 
9280 
8568 
6308 
9309 
1747 
4006 
2670 
9843 
3312 
4611 
3314 
3705 
9045 
3473 
6262 
3685 
2354 
9860 
1761 
3323 
2508 
8836 
3646 
8255 
3328 
3329 
95 
7494 
3332 
3333 
374 
3335 
3244 
1689 
1406 
6015 
7275 
746 
723 
3871 
1222 
6217 
6947 
2847 
5690 
3349 
2591 
3351 
5110 
4491 
286 
847 
4901 
799 
7274 
4529 
6595 
9486 
3362 
8853 
5705 
8794 
4292 
9885 
7648 
6239 
3370 
3371 
3831 
7638 
3374 
3672 
9397 
2124 
5752 
3745 
4221 
2006 
6684 
3383 
9981 
3385 
9700 
3387 
3388 
7180 
4477 
5231 
963 
2604 
6794 
3395 
7146 
538 
2340 
9665 
3400 
7803 
7484 
7456 
976 
1363 
4561 
3407 
9044 
3409 
5253 
885 
7506 
6898 
1285 
3415 
9668 
3449 
9205 
4576 
623 
2113 
995 
8148 
3424 
3425 
1080 
652 
264 
9947 
9778 
4992 
8843 
3433 
336 
3435 
5063 
6845 
3438 
7961 
2130 
3442 
556 
1583 
7673 
3446 
1898 
2282 
8172 
6913 
3451 
9853 
3794 
1903 
5410 
3456 
263 
7839 
9835 
4349 
2154 
5655 
1386 
1230 
827 
3466 
3467 
1649 
6734 
6465 
5207 
8010 
1959 
2501 
1777 
2372 
6945 
4455 
3555 
4403 
1244 
3600 
152 
2961 
1465 
3486 
1727 
3488 
8073 
1589 
1420 
2677 
6881 
644 
6629 
258 
3497 
3599 
7521 
6548 
8056 
9343 
7078 
3902 
1597 
6313 
3507 
7745 
6261 
3510 
5565 
3728 
6999 
5309 
3515 
5571 
3517 
3257 
1117 
9367 
8563 
780 
5824 
4906 
6419 
9713 
7389 
6424 
3529 
2213 
5190 
4117 
2361 
3089 
1817 
6722 
3886 
3419 
5130 
3540 
5451 
6035 
9085 
1007 
8308 
6562 
3547 
4111 
3261 
646 
4346 
5352 
2622 
6933 
2252 
4375 
413 
3558 
4270 
9083 
9897 
2921 
9898 
4715 
4921 
9036 
1390 
7218 
9298 
8130 
3571 
4551 
4164 
4228 
893 
1927 
3979 
6838 
4291 
4174 
2966 
7712 
7808 
3882 
3585 
8999 
2510 
5861 
5077 
9259 
4021 
8195 
9832 
3594 
3030 
1218 
8867 
9854 
1249 
5321 
6437 
599 
3603 
361 
3605 
9799 
6101 
4629 
6431 
3250 
2994 
7633 
8184 
3717 
7536 
5118 
7085 
1138 
9895 
3765 
5680 
2141 
2478 
9149 
9950 
4627 
6876 
6326 
6922 
5959 
993 
3632 
3633 
6 
3483 
3636 
2935 
3793 
5787 
3640 
9270 
3565 
6864 
2893 
9038 
4166 
9910 
5532 
3649 
6701 
3651 
2500 
6997 
7401 
8819 
3656 
3657 
8988 
8331 
6980 
4753 
3570 
5623 
5618 
4672 
5547 
1103 
1489 
3669 
3918 
8924 
8306 
5970 
7200 
3675 
8112 
9781 
3428 
86 
3056 
3790 
3682 
6037 
1330 
3319 
794 
4695 
6840 
923 
3389 
513 
8532 
2112 
3535 
4043 
6990 
1755 
3698 
2120 
4232 
9517 
3702 
3703 
3704 
4598 
6152 
700 
6977 
9548 
9164 
2793 
9266 
5083 
5024 
2399 
5852 
5317 
2874 
7022 
1121 
87 
765 
7859 
8782 
3725 
1189 
3727 
7834 
9825 
3730 
8160 
3737 
320 
9600 
3022 
9766 
8134 
9426 
162 
9684 
6949 
6026 
2979 
867 
8692 
9461 
7393 
6150 
3749 
6241 
6581 
4210 
3753 
7397 
210 
3107 
2448 
5319 
5882 
7680 
3761 
2750 
3076 
8598 
3029 
8301 
1741 
8252 
3769 
1352 
2867 
9012 
670 
3774 
3775 
3776 
2505 
1998 
2719 
2715 
2095 
3440 
7846 
2745 
676 
3786 
1416 
3468 
1620 
3873 
4609 
5311 
6049 
4056 
6782 
9228 
8607 
7330 
1759 
4009 
5369 
6249 
3393 
7951 
2895 
1096 
4564 
6042 
5455 
7910 
6758 
9723 
3061 
9253 
3844 
1647 
1563 
4036 
770 
3820 
3821 
8704 
3823 
3109 
8473 
4530 
880 
3828 
3896 
519 
1688 
3832 
9839 
9485 
3835 
553 
3932 
2534 
611 
3320 
4324 
3842 
439 
1660 
9601 
9170 
4664 
3848 
3018 
1436 
3851 
4907 
3475 
4450 
9251 
3856 
1710 
3689 
9902 
3860 
284 
3154 
3863 
559 
5159 
4410 
8224 
7995 
9872 
8348 
1535 
3553 
7459 
576 
2437 
4993 
5693 
6352 
5686 
2524 
4310 
948 
6862 
19 
844 
137 
1801 
2362 
7471 
1359 
4049 
8016 
2451 
9580 
7125 
3741 
8840 
4967 
5724 
7416 
6650 
8083 
9570 
8764 
3905 
6879 
8312 
8935 
9434 
2816 
2965 
1697 
8558 
5538 
2932 
5350 
8618 
2222 
5297 
1481 
3921 
3168 
1572 
2781 
6410 
3926 
3927 
1938 
359 
3915 
2898 
2090 
1046 
3934 
3935 
3936 
7421 
3707 
5286 
3016 
3288 
9813 
6807 
2426 
2684 
3211 
3430 
9359 
4862 
2859 
4986 
8360 
7770 
2036 
2578 
3956 
9641 
1428 
7594 
170 
7414 
755 
4706 
1181 
7478 
3966 
8972 
965 
1141 
3970 
6671 
9062 
9767 
3974 
3732 
1342 
6283 
3165 
6763 
7050 
3118 
4610 
1098 
1553 
659 
7843 
6543 
6324 
4418 
551 
7015 
3992 
2395 
3006 
8159 
4556 
6752 
3998 
2388 
8340 
1076 
1094 
5561 
784 
2588 
8086 
4007 
1769 
4940 
7144 
861 
6065 
2652 
430 
7093 
9918 
2128 
5364 
5289 
5217 
8406 
3564 
2150 
5267 
1723 
6207 
5060 
120 
6341 
7035 
167 
8587 
2890 
6655 
9355 
5995 
6696 
8696 
6741 
8750 
5094 
733 
5719 
2022 
8818 
9732 
4047 
4048 
6820 
8783 
6362 
5635 
941 
6603 
7223 
6171 
2644 
4220 
4059 
3189 
2330 
8211 
4063 
1722 
4141 
2693 
4067 
9004 
5510 
6547 
5761 
3582 
6865 
5462 
1133 
3969 
4019 
9041 
7168 
2796 
9818 
563 
1843 
1502 
108 
4281 
6549 
69 
1179 
3940 
2013 
1716 
2060 
8231 
4095 
1160 
1855 
958 
1674 
4833 
966 
8561 
8115 
557 
2348 
1795 
5692 
2706 
27 
1112 
3648 
228 
3326 
6453 
6919 
864 
4809 
3439 
7575 
8309 
4136 
8212 
7515 
6842 
8778 
9168 
7348 
408 
4129 
4130 
1987 
669 
2170 
1314 
2784 
9537 
314 
3655 
3454 
6021 
5137 
8693 
4143 
6940 
4145 
2727 
8917 
5048 
4149 
4776 
806 
4118 
9370 
5543 
6108 
3650 
7929 
1784 
2697 
4838 
6970 
4110 
750 
5234 
7273 
3070 
486 
4168 
2640 
4238 
8146 
910 
8681 
3949 
4580 
5150 
3695 
1631 
7092 
6708 
2877 
6135 
6384 
6735 
8987 
2835 
5758 
9276 
7124 
9504 
3402 
2260 
14 
6379 
7895 
7457 
9927 
1268 
4199 
592 
3712 
4202 
4568 
5766 
1703 
6328 
4207 
5588 
4209 
2574 
3472 
3906 
7797 
7410 
3773 
4417 
6338 
4852 
4219 
5162 
4322 
8702 
3170 
1490 
311 
8719 
1130 
9845 
9159 
90 
600 
6404 
5489 
8669 
4235 
6393 
3490 
2199 
9386 
1929 
4340 
5128 
1047 
9400 
4245 
7772 
4800 
213 
4249 
1815 
4251 
6632 
1283 
1161 
180 
5332 
5617 
3610 
8641 
5124 
6244 
6973 
4053 
8272 
4265 
8523 
3254 
4268 
7669 
875 
626 
1253 
9549 
786 
8213 
6960 
8823 
985 
4736 
5388 
8553 
3644 
2807 
2277 
355 
5850 
7119 
4769 
7460 
9728 
5515 
837 
9926 
4294 
3296 
4885 
4655 
5983 
4299 
5731 
8284 
9252 
1507 
8111 
6058 
8400 
2561 
5992 
4558 
2608 
5504 
3487 
4313 
9848 
3364 
5665 
9975 
297 
4319 
4320 
4244 
3846 
110 
2634 
3621 
3785 
1219 
7433 
8675 
9970 
9581 
6600 
1565 
3375 
25 
9489 
1902 
4087 
5146 
6585 
3092 
6000 
2985 
4344 
4398 
8667 
4347 
3527 
7754 
4510 
8703 
6094 
2695 
8512 
4355 
3123 
8376 
4358 
1711 
5315 
4083 
5196 
5111 
9033 
6944 
7925 
3680 
6184 
8616 
5649 
4277 
1900 
1627 
8642 
7569 
6325 
5668 
1939 
8721 
6383 
279 
4382 
8133 
6506 
5814 
1798 
2774 
4341 
3911 
6636 
929 
4300 
138 
637 
4274 
2271 
9693 
2778 
4401 
536 
8439 
3169 
1632 
4404 
6489 
6137 
8253 
3877 
5779 
3136 
9851 
1699 
5044 
9870 
4415 
2442 
7210 
7642 
2747 
8756 
821 
3566 
4423 
316 
4425 
7209 
7957 
3235 
7973 
2504 
5732 
4432 
8774 
4434 
3910 
4436 
9197 
8611 
2038 
9035 
7960 
6847 
315 
5361 
3065 
1255 
4447 
3205 
5452 
3959 
4451 
3359 
4453 
3679 
1144 
4456 
3592 
4579 
5329 
4671 
4668 
2196 
3556 
3390 
341 
6955 
4467 
6390 
405 
8311 
578 
9184 
256 
107 
9850 
8494 
6441 
8041 
5065 
4452 
5242 
9398 
1346 
9585 
2526 
2049 
4487 
391 
5357 
4490 
5072 
4492 
4750 
3055 
6312 
1739 
4497 
1975 
5765 
1732 
6716 
4128 
2216 
9710 
8398 
9260 
7715 
2743 
917 
4334 
1628 
5340 
4513 
8492 
3164 
8223 
3363 
8234 
9 
4520 
6720 
4585 
5184 
8330 
80 
900 
7378 
8432 
8228 
6525 
1611 
4532 
3595 
4463 
5018 
6372 
4246 
4538 
4681 
4540 
1006 
5511 
4543 
2181 
8708 
988 
5612 
570 
4567 
4910 
5599 
779 
5164 
5081 
344 
9958 
7107 
372 
2053 
6426 
7086 
2870 
7514 
6792 
1926 
3291 
999 
4203 
7061 
6798 
8042 
4572 
9053 
4574 
1522 
4933 
1258 
3081 
101 
5160 
5142 
5245 
8274 
4584 
7347 
8210 
4588 
7689 
7908 
7880 
4591 
9405 
5404 
2411 
8009 
1371 
3226 
2580 
4599 
4600 
9289 
4623 
665 
2891 
4605 
5943 
967 
7730 
8262 
1793 
5423 
8053 
4938 
7225 
4615 
3369 
6215 
3981 
8461 
226 
1673 
4622 
121 
4624 
4041 
4626 
3893 
5905 
269 
5073 
7962 
4995 
4633 
3434 
5473 
1105 
9092 
9623 
4639 
6320 
2463 
4642 
387 
5883 
1483 
1634 
7758 
4257 
8179 
7775 
1029 
9209 
4653 
5173 
6703 
4656 
6236 
8378 
6251 
5964 
9316 
4662 
9043 
830 
8628 
7451 
4667 
5129 
9869 
4368 
8674 
275 
7746 
9011 
5918 
8364 
1237 
8407 
3480 
9235 
2320 
4682 
7070 
1393 
4685 
3183 
3716 
506 
6200 
8625 
4691 
1272 
2151 
4694 
3796 
2931 
260 
3748 
6219 
7032 
1715 
4321 
2923 
4704 
2710 
3938 
585 
7866 
8497 
6966 
7519 
5615 
4713 
2202 
4688 
573 
1238 
6850 
4534 
9371 
6613 
6054 
3386 
2996 
4725 
3043 
7856 
7733 
4729 
8416 
1670 
1653 
3344 
8577 
4735 
7185 
2125 
5940 
6804 
2054 
1587 
3720 
4743 
3963 
4745 
1595 
9144 
4748 
4808 
5008 
5306 
6787 
3762 
9103 
9473 
4791 
4979 
4187 
9643 
4760 
9105 
4762 
168 
9287 
9577 
899 
4521 
9879 
5833 
1192 
9561 
4772 
6284 
5840 
5849 
9196 
3498 
7071 
4741 
4780 
5419 
8220 
2639 
3248 
6273 
8034 
9122 
4788 
6357 
4790 
9213 
4792 
7343 
9862 
1147 
4254 
3752 
9341 
1766 
1767 
9659 
552 
7508 
6198 
2155 
1441 
1275 
5430 
6028 
8434 
834 
2138 
2229 
1401 
6953 
9040 
2092 
8793 
2582 
7285 
8347 
2364 
8403 
7328 
7713 
5471 
6974 
113 
4829 
4830 
7788 
4832 
523 
9607 
7930 
5715 
3787 
8320 
5177 
6616 
3264 
2230 
6008 
5740 
9538 
5202 
133 
2804 
8829 
879 
4851 
6596 
5288 
126 
4988 
4856 
7474 
3088 
5529 
1281 
9284 
7088 
1050 
2764 
6087 
5856 
4460 
8000 
3977 
5050 
4871 
5982 
4873 
8200 
4848 
5863 
7812 
6941 
3447 
4102 
104 
617 
3710 
9742 
8440 
4659 
9088 
9256 
209 
362 
4891 
4892 
8762 
7539 
2015 
4880 
3701 
2760 
7052 
4853 
7280 
4902 
7602 
2756 
4905 
3857 
8687 
3227 
1487 
7007 
4911 
5503 
971 
2855 
6186 
7516 
2184 
4918 
4279 
3545 
1910 
1336 
9314 
2654 
1319 
5269 
5822 
2387 
7762 
5712 
6713 
4932 
2758 
3575 
9198 
8201 
7029 
991 
2459 
9685 
4941 
7982 
3617 
4705 
4548 
3311 
7361 
7728 
4949 
4950 
4169 
8963 
1247 
5277 
8959 
2376 
5590 
1949 
4544 
2101 
8395 
1434 
2241 
1405 
6690 
1334 
6203 
956 
6490 
313 
3772 
866 
7084 
378 
7760 
4976 
1899 
4978 
5235 
7249 
6409 
4647 
5806 
6814 
4985 
5859 
2280 
8615 
9257 
4990 
5198 
8595 
8476 
7214 
9959 
1753 
2533 
3870 
3163 
3101 
6381 
5002 
1948 
8847 
739 
5006 
6051 
3681 
8144 
5010 
5033 
7114 
1853 
5627 
9687 
5393 
2462 
6911 
2969 
5020 
9942 
816 
9240 
4823 
330 
9017 
5027 
8586 
5167 
1252 
878 
5032 
166 
5034 
9819 
5036 
8971 
5038 
1547 
9243 
2469 
5042 
6331 
1810 
5842 
7360 
1590 
7750 
5049 
1875 
3432 
8991 
4658 
6846 
1968 
1574 
5057 
8961 
6225 
9945 
1738 
5345 
8882 
2201 
980 
5066 
7395 
5068 
8327 
5446 
436 
2209 
594 
1432 
2547 
5076 
3897 
1407 
4314 
306 
3020 
2296 
9361 
1370 
5013 
2704 
2810 
7059 
5763 
5116 
9318 
455 
3443 
4625 
5095 
8379 
5265 
4472 
2507 
5100 
668 
8955 
5103 
6560 
5105 
5625 
6959 
7437 
8578 
8423 
8462 
5139 
5598 
6957 
581 
4571 
5476 
4864 
5119 
8539 
1967 
2263 
9514 
4405 
81 
5528 
3090 
8650 
7721 
8706 
5131 
6698 
1201 
5134 
5135 
5136 
6497 
6518 
9299 
5140 
2082 
3085 
7801 
5971 
7380 
3688 
5062 
5016 
9876 
4176 
6391 
5152 
7947 
8541 
8317 
312 
1805 
6265 
5762 
8656 
1827 
2088 
5163 
199 
9446 
1622 
3306 
868 
3441 
7211 
1324 
2801 
4171 
2543 
1415 
4252 
1707 
7054 
5865 
5180 
5281 
679 
9569 
6477 
1862 
5186 
400 
2279 
8109 
5114 
146 
1045 
3 
2071 
5195 
7954 
7363 
4569 
6286 
4817 
4698 
4846 
1837 
1630 
2987 
7764 
8619 
5208 
5209 
5606 
5211 
292 
3009 
3290 
6033 
5266 
4519 
7445 
68 
4612 
7660 
5222 
7529 
787 
9716 
5542 
384 
8592 
1065 
8023 
8350 
7454 
9547 
639 
8012 
8868 
6269 
9491 
5239 
2005 
724 
2291 
9321 
5330 
424 
307 
5247 
8812 
8742 
3391 
4734 
1321 
334 
6459 
3631 
5256 
8335 
2550 
5259 
5622 
5261 
9302 
8450 
7370 
3614 
9741 
1996 
5703 
6442 
1980 
3212 
8630 
6148 
6397 
8864 
4253 
1060 
5278 
2914 
9484 
4601 
4153 
5283 
7901 
5285 
9452 
5570 
7778 
6707 
5179 
1476 
3185 
1661 
2722 
3697 
7595 
6193 
7891 
5391 
5300 
9689 
3148 
1970 
5304 
8954 
3049 
2785 
8771 
6076 
9416 
560 
9637 
8530 
3474 
8612 
5316 
5112 
7486 
9203 
572 
3036 
769 
4771 
5324 
2709 
8346 
9809 
4363 
8872 
1550 
8381 
7196 
1811 
4278 
5335 
5312 
153 
6474 
4443 
8182 
9329 
9481 
8451 
667 
9620 
3548 
7799 
3925 
6493 
6394 
4773 
5500 
1506 
1358 
6688 
235 
5807 
4789 
7098 
2185 
5413 
9174 
4327 
5074 
5365 
3114 
1610 
5845 
277 
7320 
9856 
6342 
2346 
5374 
2353 
7985 
7524 
8968 
5379 
3299 
1454 
2316 
5397 
3986 
8639 
4140 
4236 
1113 
5531 
5390 
5646 
9846 
191 
2441 
3461 
5603 
636 
4744 
5276 
4839 
9262 
7560 
3740 
9176 
8043 
8736 
968 
7616 
2691 
8426 
4448 
7504 
6942 
4012 
2489 
115 
4825 
3141 
267 
3593 
6592 
5422 
6623 
1173 
4589 
5308 
2690 
5428 
5429 
3077 
5107 
5432 
2081 
3175 
5435 
6748 
5437 
8948 
7181 
5671 
2787 
7183 
3884 
9966 
1889 
7794 
5447 
5448 
4697 
5450 
7091 
5935 
5815 
2682 
4944 
3866 
717 
5458 
4936 
1424 
5461 
4078 
2770 
6836 
5465 
8333 
5467 
5689 
6117 
1361 
9506 
4139 
9905 
9556 
5069 
7774 
6951 
94 
7724 
9664 
8477 
3907 
1803 
2030 
4016 
2359 
5487 
6773 
1052 
1667 
1151 
8447 
8334 
5494 
8254 
8343 
5497 
5498 
2980 
6565 
9642 
5502 
4195 
7417 
2886 
5506 
2899 
6682 
5244 
4069 
9150 
5695 
366 
5514 
6213 
6971 
6361 
1448 
9212 
3186 
9984 
1232 
2753 
7828 
8356 
3729 
1997 
8727 
3751 
8738 
9882 
4262 
9137 
9696 
5535 
3309 
532 
3224 
7955 
4229 
5541 
1438 
9762 
5544 
9094 
5546 
4295 
1374 
7927 
645 
5551 
5155 
5641 
9131 
2672 
9468 
5872 
5558 
410 
3269 
548 
620 
4482 
7966 
3941 
9368 
1193 
2136 
8047 
5848 
7906 
5572 
4237 
2730 
1311 
4746 
188 
7362 
5629 
6113 
6499 
2635 
7734 
7345 
8008 
4974 
7588 
5578 
5928 
5586 
5591 
8810 
4505 
7153 
863 
6606 
9866 
6878 
196 
5271 
5961 
6892 
7287 
5604 
1278 
6240 
5607 
9630 
2057 
7796 
6678 
4547 
6852 
3581 
4285 
6566 
3334 
3232 
5746 
2188 
625 
4264 
9743 
3984 
4570 
3620 
4803 
5052 
6433 
5630 
5743 
4276 
9842 
9756 
2716 
892 
9750 
5434 
7838 
1545 
5553 
4836 
9616 
3736 
5747 
5642 
3895 
6169 
3723 
5650 
8623 
2922 
9816 
3714 
1807 
7440 
2198 
3479 
9729 
7510 
6597 
9810 
8483 
9363 
4316 
6195 
5667 
8445 
9241 
1061 
9955 
3102 
8903 
7476 
5675 
4782 
2544 
9097 
5679 
7825 
5870 
1654 
7870 
5684 
2403 
3879 
9443 
871 
8842 
142 
7692 
7863 
9662 
8920 
1601 
8435 
1074 
7878 
8992 
349 
9126 
2830 
4765 
915 
1911 
3147 
8505 
4701 
3696 
1906 
5540 
3017 
2080 
3784 
1277 
1495 
9308 
7129 
3700 
4173 
4121 
5722 
3864 
940 
3894 
8249 
8095 
8919 
8517 
2669 
9139 
5091 
5864 
8646 
1509 
1335 
9971 
6103 
9078 
1303 
5741 
5742 
1643 
6375 
7840 
8979 
1395 
5748 
501 
4908 
7562 
4184 
5753 
5855 
1298 
5756 
2548 
1312 
3990 
8183 
4103 
9001 
663 
7469 
5801 
8487 
2470 
5043 
39 
4552 
5210 
2680 
5773 
9180 
4142 
1578 
8150 
217 
3874 
1266 
5736 
4381 
2751 
3238 
3839 
2733 
8273 
9204 
7160 
9557 
1234 
7142 
4414 
8571 
7759 
5796 
9428 
5798 
73 
3347 
4499 
8456 
8879 
129 
5805 
3353 
8102 
564 
7755 
5663 
1999 
6157 
5813 
1260 
4373 
3489 
5564 
5818 
7530 
8374 
147 
8163 
1812 
1373 
5825 
6007 
3818 
4287 
3069 
5830 
7247 
4699 
9365 
4057 
2761 
5836 
2070 
5838 
9476 
1411 
7723 
7234 
3533 
5090 
1521 
2410 
426 
9435 
8196 
5631 
9807 
1031 
8491 
5854 
6936 
4866 
6976 
3084 
5035 
3048 
2224 
7583 
380 
1770 
3037 
5718 
2675 
1379 
4922 
5681 
5871 
5900 
5873 
5916 
5875 
5994 
8060 
631 
8550 
3909 
5045 
9141 
9342 
3285 
1196 
4082 
453 
2319 
2618 
9301 
1120 
5007 
3678 
1059 
5080 
8370 
5755 
1195 
4362 
7816 
2665 
9347 
3840 
4106 
360 
9264 
8515 
8827 
5909 
2414 
5911 
5980 
1077 
890 
5915 
5457 
6843 
9071 
6014 
2028 
6580 
5922 
1289 
6461 
1511 
8422 
5927 
3518 
2671 
1729 
5407 
4050 
18 
5934 
6191 
7171 
5953 
7949 
5939 
6656 
597 
7852 
6467 
1930 
840 
4613 
3471 
5605 
2119 
7886 
4503 
9529 
1183 
8072 
5637 
1295 
996 
9867 
3916 
5012 
862 
4391 
5963 
2645 
5583 
3690 
3528 
3674 
9523 
1005 
8546 
5972 
4577 
1142 
8668 
5976 
1385 
4669 
6133 
5549 
183 
4872 
5804 
8937 
9451 
1035 
8239 
939 
77 
2259 
4179 
1194 
4271 
6104 
6975 
3073 
5997 
5185 
5999 
328 
4427 
9824 
4116 
5241 
4470 
7573 
6263 
4843 
6009 
9615 
4860 
6012 
7958 
2659 
5946 
5121 
698 
7845 
7292 
6020 
629 
7741 
50 
7463 
6025 
3819 
7551 
2108 
2033 
2160 
8027 
3997 
5507 
1328 
990 
5156 
8660 
3135 
6039 
3849 
4999 
1785 
593 
294 
6045 
1848 
6047 
8594 
382 
8310 
6205 
6052 
4390 
2503 
5906 
4747 
9968 
1719 
9840 
7509 
681 
6809 
7095 
1982 
3106 
1518 
8540 
1531 
7853 
9161 
3779 
5431 
1450 
4464 
4751 
3093 
6077 
1337 
6079 
4457 
5025 
4 
5662 
9587 
2134 
6086 
1775 
6088 
116 
6090 
1162 
2064 
5469 
353 
651 
6749 
9715 
4218 
6099 
4977 
3639 
6204 
5496 
285 
8799 
4724 
815 
118 
6668 
3948 
9617 
6112 
5427 
8886 
3444 
3324 
1288 
8493 
1033 
6018 
1084 
1540 
7062 
9320 
6125 
6126 
8593 
375 
8433 
9498 
4042 
3505 
5031 
4945 
218 
7298 
9754 
6138 
4475 
8980 
2333 
4104 
6143 
308 
423 
6146 
3889 
3360 
61 
6301 
4826 
6233 
8469 
7458 
3120 
8911 
6266 
2393 
7975 
2668 
1073 
1248 
9448 
680 
6165 
6743 
2386 
5093 
2676 
6170 
6027 
3760 
4692 
6174 
7822 
5273 
2978 
6178 
6880 
1839 
8415 
7159 
7269 
7295 
6517 
4915 
6925 
6134 
3470 
886 
5258 
4778 
3491 
6194 
5443 
8602 
6918 
4535 
8152 
1539 
5399 
9073 
9823 
661 
9775 
3223 
3429 
2572 
6209 
6210 
7884 
2023 
2100 
6214 
6473 
9533 
3532 
2289 
1067 
5015 
2868 
6172 
6223 
6224 
8768 
3247 
9291 
4172 
6229 
6230 
6231 
6232 
5795 
4369 
6235 
8188 
8712 
3898 
8791 
7425 
8737 
3091 
4573 
7591 
6245 
5867 
3378 
6248 
7288 
9138 
3239 
1209 
8939 
5951 
9408 
6256 
3967 
9377 
6259 
6260 
1804 
9143 
9916 
3958 
5158 
4408 
539 
6268 
2308 
9175 
664 
4953 
8038 
6446 
7176 
6276 
4301 
4182 
2380 
409 
4325 
6282 
2356 
2797 
6285 
3256 
6071 
9232 
8193 
6544 
1860 
9070 
6293 
4857 
6295 
2035 
6297 
3519 
4269 
1943 
3398 
8631 
6332 
2427 
6305 
6306 
1576 
5029 
6309 
7134 
3899 
8145 
3538 
8030 
7123 
2251 
6317 
1672 
6594 
6095 
2617 
9394 
6323 
4957 
3827 
4559 
4031 
7258 
6329 
6576 
6624 
692 
8386 
6334 
4882 
729 
642 
4217 
1119 
1920 
2265 
7116 
2430 
4354 
3511 
444 
7359 
189 
9192 
4378 
9439 
8375 
5339 
2087 
781 
5749 
9568 
7976 
4554 
8098 
2729 
981 
2034 
7605 
5203 
6366 
3739 
2833 
5788 
7996 
6371 
6902 
2650 
3330 
8417 
6869 
5380 
3611 
4194 
2019 
5986 
8127 
977 
5403 
5518 
9877 
8858 
1485 
8338 
728 
6466 
1468 
6356 
2494 
3985 
6396 
527 
7367 
6893 
6400 
3813 
7735 
6403 
9310 
2569 
1510 
1606 
4483 
5633 
672 
3041 
6412 
5108 
6414 
8339 
415 
6247 
6188 
9820 
7802 
4288 
8730 
5757 
9128 
2344 
685 
3721 
6428 
5019 
6430 
9081 
6432 
7165 
4614 
6555 
4158 
8933 
6288 
9497 
6156 
7286 
4462 
6443 
2849 
3928 
9849 
6447 
9021 
1872 
3294 
3589 
4712 
7201 
42 
6034 
4152 
6457 
6458 
3805 
6460 
3367 
8617 
6463 
4370 
7496 
9917 
9874 
8283 
6291 
6470 
1055 
2162 
4960 
5456 
4317 
9223 
2964 
9965 
6479 
5956 
2831 
6482 
9682 
7253 
630 
6486 
6778 
568 
9865 
7684 
6069 
6267 
4366 
6494 
6524 
3075 
6452 
2734 
9802 
943 
7411 
3180 
41 
6812 
1259 
2166 
6507 
6063 
7464 
5969 
5960 
6512 
9735 
4076 
3231 
6516 
3271 
5092 
916 
5698 
2577 
8527 
6121 
6910 
6577 
3542 
964 
6528 
5834 
873 
1666 
1555 
9948 
4508 
1118 
1301 
975 
4646 
6539 
6540 
9500 
1164 
9413 
6464 
2889 
8246 
3506 
9239 
1877 
6550 
8074 
8208 
2528 
5696 
8050 
7239 
4212 
2523 
6559 
370 
6561 
3177 
6563 
5560 
3423 
4754 
6567 
7903 
6569 
6570 
9102 
2257 
6573 
7164 
46 
2630 
2227 
3516 
3067 
1831 
1636 
3127 
6583 
6060 
4241 
6586 
6587 
2864 
6589 
3072 
7631 
3158 
398 
6635 
4913 
8916 
3836 
6598 
8949 
9323 
6601 
6199 
4017 
6604 
3706 
5475 
2991 
6935 
6609 
6610 
6611 
9626 
817 
6839 
465 
4955 
6617 
8880 
6619 
8789 
2759 
9401 
7283 
3743 
6625 
6270 
1041 
6287 
1166 
3237 
9758 
5188 
6633 
9978 
2620 
3976 
6637 
9726 
2237 
8891 
2416 
2046 
6406 
9988 
4663 
3615 
6647 
5527 
6649 
9112 
1048 
3229 
6653 
6120 
3403 
9699 
251 
4259 
742 
4939 
4542 
420 
6663 
7141 
9582 
7938 
7520 
7677 
654 
8132 
8219 
6672 
4343 
1806 
6675 
8465 
6718 
9605 
759 
3797 
1878 
2794 
3342 
8222 
7197 
2389 
4188 
9337 
1199 
5952 
9524 
8547 
7876 
6694 
7299 
216 
7390 
5205 
1638 
2612 
4156 
2521 
9219 
3217 
9934 
8325 
8344 
3537 
4997 
6710 
9427 
8526 
4923 
3601 
289 
9953 
8969 
9567 
5530 
9526 
6721 
9447 
8921 
1148 
6725 
771 
9922 
6728 
8187 
211 
8888 
8230 
889 
3683 
7914 
5433 
4204 
8765 
1551 
6969 
371 
9108 
2211 
4025 
7313 
1852 
6697 
8048 
9419 
8233 
760 
4757 
3100 
6754 
6755 
4887 
6972 
5368 
6759 
2952 
9222 
1009 
7768 
1591 
8087 
5884 
6767 
6768 
1991 
6770 
4371 
3418 
45 
5812 
4198 
9151 
5366 
2806 
6779 
3635 
8463 
8885 
3422 
586 
6785 
6786 
3869 
3220 
9080 
766 
4309 
5901 
6793 
7567 
3937 
1375 
5640 
9584 
4507 
4733 
9788 
7784 
6803 
2083 
6805 
7915 
3798 
6300 
2385 
5307 
4486 
5218 
6813 
2610 
9230 
6061 
2303 
7632 
6819 
5793 
6821 
5106 
5658 
2862 
6564 
2390 
6827 
7386 
9925 
7158 
7707 
9997 
7835 
7740 
6835 
4125 
8 
5381 
8683 
4495 
9494 
4560 
2930 
9381 
8559 
9792 
4837 
4073 
6849 
3265 
6851 
2984 
4943 
870 
6855 
9606 
5554 
9225 
2637 
6860 
7147 
2649 
7850 
3629 
9515 
5219 
6867 
8209 
3971 
8490 
9135 
3764 
7262 
2633 
9737 
3627 
2221 
9087 
9356 
3638 
1038 
7659 
6883 
3837 
6937 
6886 
4052 
5089 
857 
732 
8596 
3759 
2777 
7177 
825 
3914 
6897 
9540 
1735 
6003 
6901 
8852 
6903 
2626 
6504 
6906 
5405 
1419 
2516 
322 
4260 
7756 
9738 
4266 
6915 
1919 
748 
500 
1064 
7087 
6921 
3544 
2657 
1216 
7023 
9629 
2894 
6050 
4649 
9654 
5023 
1475 
8084 
3628 
4594 
2537 
4284 
7546 
6939 
7538 
5243 
4175 
8927 
6541 
9029 
7983 
1140 
5460 
7293 
6950 
3096 
4810 
7276 
6954 
7766 
8551 
9445 
4690 
1460 
4654 
6961 
5920 
2725 
3278 
3559 
3047 
31 
5481 
431 
4383 
3338 
236 
5716 
9783 
7387 
9554 
5709 
3924 
6979 
477 
3777 
6062 
6149 
4071 
6418 
9914 
9701 
5216 
6290 
8722 
5826 
2514 
5904 
7215 
1915 
1771 
7066 
8684 
1945 
7000 
9238 
7732 
7003 
2268 
9833 
7682 
3960 
2409 
4678 
7010 
7217 
7012 
4020 
947 
7381 
5879 
5341 
7831 
3778 
895 
7021 
3719 
5723 
450 
1942 
7323 
6344 
2731 
7371 
33 
7977 
8816 
7033 
8427 
5250 
3838 
7037 
8576 
3567 
7040 
7805 
6681 
7043 
5929 
7045 
7978 
7047 
7048 
2853 
3034 
4761 
2056 
7013 
703 
7055 
7570 
5501 
9542 
1223 
2541 
5524 
1704 
605 
5704 
9480 
4867 
7067 
7068 
4154 
3206 
7559 
7072 
204 
8329 
543 
8958 
7077 
9101 
9117 
2397 
614 
6347 
7083 
3788 
7074 
8725 
6928 
6584 
5770 
9890 
1816 
9928 
9985 
7597 
1305 
7222 
7097 
4583 
7972 
4536 
7101 
8946 
8468 
7104 
7105 
7106 
8020 
5236 
7024 
6242 
3484 
6449 
7113 
2983 
1082 
6044 
4916 
6369 
5438 
7120 
9780 
4632 
4023 
8529 
4272 
2236 
6711 
2029 
9663 
2728 
5483 
8240 
7133 
2616 
7135 
1042 
3287 
7138 
2492 
5996 
6899 
2085 
7143 
1972 
1034 
6438 
7254 
9604 
9340 
5730 
2383 
911 
2744 
7553 
2506 
5707 
7157 
1097 
1356 
8466 
5166 
7666 
6599 
4315 
6487 
5037 
2102 
4079 
2167 
9785 
7229 
9884 
7173 
5656 
2455 
9777 
1955 
7178 
1616 
7558 
8430 
2815 
5442 
7184 
1886 
4137 
1752 
7188 
9217 
4097 
8353 
7192 
2250 
1579 
2007 
2724 
6365 
518 
6724 
5221 
6744 
2449 
2988 
7204 
9961 
7206 
2203 
7208 
9052 
5059 
7384 
751 
1159 
5539 
714 
7216 
3161 
3568 
9074 
6220 
1664 
4461 
5492 
9875 
7555 
9935 
3411 
7228 
5936 
3054 
2549 
4501 
7233 
4213 
1171 
7236 
7780 
7238 
6140 
3002 
5974 
2305 
5526 
3417 
8833 
2304 
5831 
4120 
230 
7179 
1773 
7650 
6529 
5595 
4964 
8136 
2686 
62 
2 
8970 
3917 
7501 
7263 
4178 
8351 
7266 
7267 
1536 
5611 
7675 
8757 
7139 
9937 
3007 
935 
2564 
8890 
6535 
9002 
5149 
1200 
7282 
942 
7284 
4820 
8080 
7203 
4151 
6068 
4582 
7291 
2600 
7873 
7316 
7379 
2536 
9023 
3815 
9431 
7246 
3768 
5769 
3872 
7304 
7407 
2379 
7307 
7308 
6314 
5924 
7311 
4086 
5181 
5485 
9578 
2623 
4835 
7318 
7356 
2940 
6654 
7577 
7026 
7324 
1905 
7326 
7327 
3153 
8292 
1569 
4222 
1718 
7333 
396 
9640 
2249 
8928 
7818 
5122 
5270 
7341 
7342 
8226 
7396 
1143 
6001 
5660 
529 
7349 
5673 
6791 
4306 
1573 
7354 
4080 
1520 
7357 
7358 
2829 
7814 
7525 
49 
26 
7364 
710 
9274 
707 
7368 
7369 
9130 
1122 
7948 
5097 
7374 
2444 
7429 
7377 
4537 
5881 
8324 
2424 
4805 
6747 
7635 
221 
1822 
9086 
1585 
5372 
5579 
8410 
1983 
9995 
9345 
4895 
1532 
2771 
7398 
7399 
3216 
7336 
2723 
5533 
865 
7405 
7406 
8800 
8645 
9709 
9118 
8161 
3297 
7075 
515 
5197 
6147 
3121 
7418 
9539 
6296 
1863 
1251 
8739 
2024 
8199 
3900 
404 
8063 
2438 
6197 
6130 
6645 
9989 
6388 
6084 
3279 
6413 
8548 
3814 
7306 
302 
1750 
7786 
8798 
9671 
5412 
2800 
4003 
6243 
6746 
8537 
2066 
1990 
5022 
7738 
7446 
9322 
7436 
6070 
4727 
7366 
9327 
7131 
1897 
7465 
8065 
5866 
5832 
2687 
4060 
6168 
8718 
1380 
9597 
7475 
2557 
8503 
9402 
566 
1577 
914 
1840 
1844 
7627 
9215 
414 
7487 
5051 
3755 
7490 
1186 
9154 
565 
8839 
9421 
4361 
9268 
514 
6761 
517 
5254 
8570 
5353 
7589 
2447 
9179 
5425 
4900 
4032 
2191 
8129 
6751 
6339 
1861 
8267 
3816 
7103 
3410 
6106 
386 
4468 
7522 
2834 
2990 
7882 
6989 
7011 
8285 
3530 
5819 
4424 
7532 
521 
4720 
8194 
9065 
8644 
5580 
1090 
422 
3526 
8058 
2343 
1921 
7545 
2103 
8341 
7548 
7549 
457 
3372 
8583 
259 
2802 
1479 
5439 
7557 
2189 
9016 
123 
8707 
2261 
2144 
7564 
2248 
2840 
5620 
2926 
4636 
5237 
4711 
622 
9751 
4948 
3782 
3534 
624 
9492 
833 
3550 
4159 
5154 
4661 
5638 
7585 
7586 
7587 
8830 
4942 
7590 
2763 
7783 
8392 
7057 
7232 
6420 
3853 
7598 
82 
6826 
7601 
7365 
2275 
8698 
9543 
7606 
7593 
984 
3734 
4666 
3859 
1341 
811 
5011 
7615 
9129 
4478 
6246 
6110 
3845 
5979 
5688 
2215 
7527 
7625 
7736 
2137 
4806 
7373 
9520 
3626 
4884 
6153 
7634 
2884 
4739 
7637 
1847 
7639 
7640 
280 
3010 
1940 
7644 
4435 
2799 
5862 
888 
4709 
8653 
2827 
6017 
9748 
9596 
4147 
7710 
7657 
9339 
5892 
6004 
7661 
7662 
3421 
3561 
5837 
5359 
1762 
2360 
7005 
936 
7671 
4604 
4223 
485 
9028 
421 
5568 
7761 
824 
3242 
689 
7297 
3272 
4929 
3219 
9467 
6815 
1639 
4015 
3365 
4898 
9957 
4024 
6472 
326 
2110 
6929 
7698 
3496 
5846 
1685 
7702 
5320 
5125 
6824 
7879 
3699 
8922 
1474 
2485 
9868 
3023 
4243 
8910 
7009 
6578 
2089 
2960 
7719 
6853 
1392 
7722 
5537 
6526 
3373 
7726 
961 
909 
2607 
5737 
1504 
8673 
373 
7256 
9747 
7626 
3994 
6534 
1177 
6834 
8915 
7156 
2658 
8694 
7017 
1227 
5328 
7614 
807 
4638 
7751 
5040 
3122 
4186 
5809 
2872 
7757 
4402 
2096 
7540 
4303 
9488 
7763 
2232 
3215 
2329 
9456 
9297 
2135 
1614 
3139 
6984 
9169 
5117 
3282 
5 
3208 
7127 
6141 
9531 
8735 
5711 
8860 
8629 
7785 
8122 
7974 
111 
2313 
9676 
5096 
2883 
7793 
483 
7795 
7547 
5751 
7988 
340 
8866 
7174 
3249 
6866 
8026 
7079 
4388 
8352 
2253 
7809 
4239 
7864 
6998 
295 
3817 
1431 
9753 
5597 
891 
7819 
7820 
3200 
3513 
2149 
3485 
2825 
5470 
3187 
8289 
8261 
1473 
6916 
6019 
5768 
5697 
3033 
7836 
7837 
1891 
2192 
9214 
7841 
7842 
1180 
7844 
736 
9546 
7847 
6554 
2228 
3811 
7851 
7042 
4112 
9744 
9353 
5851 
7857 
5843 
9899 
869 
6757 
3560 
1472 
4616 
2254 
5292 
6423 
5632 
7869 
4575 
1339 
6685 
3125 
7874 
5314 
6693 
2382 
5415 
5889 
7338 
2542 
8973 
7051 
2396 
7885 
7058 
2828 
1440 
7889 
4764 
8947 
5827 
790 
460 
3044 
7896 
2692 
3240 
2255 
7900 
7382 
3310 
3266 
6196 
3214 
8452 
2707 
8259 
3190 
5975 
6777 
1331 
7913 
3541 
4127 
449 
7461 
6425 
4018 
8066 
7611 
7922 
198 
5781 
9127 
8655 
9698 
9656 
6709 
7423 
9147 
3060 
4756 
1085 
4399 
2040 
7937 
4096 
7069 
7940 
4441 
8557 
3554 
7944 
7917 
4904 
3983 
4512 
8797 
5418 
3804 
7952 
1447 
4132 
540 
3450 
1731 
6279 
3867 
4122 
1790 
5771 
6185 
2601 
7965 
454 
8889 
3961 
6964 
7970 
9545 
7099 
8276 
4380 
2838 
7608 
7600 
357 
6160 
3855 
4307 
720 
4876 
4934 
2123 
241 
7924 
9956 
7989 
674 
7991 
7992 
5424 
4775 
5828 
3426 
6988 
8814 
9880 
8821 
3304 
5041 
7432 
2515 
7329 
7664 
324 
838 
7860 
1594 
7090 
9166 
8013 
2288 
4947 
7392 
5573 
1523 
4952 
9633 
7136 
6802 
4165 
8024 
8025 
8811 
3156 
8884 
835 
4917 
8031 
8874 
467 
2352 
974 
377 
8037 
1957 
8039 
6739 
5880 
7412 
6907 
4962 
3066 
7140 
2050 
2773 
601 
4433 
3492 
1937 
8414 
8054 
8055 
2111 
5189 
4767 
1708 
9532 
4630 
1602 
7132 
9375 
5282 
3622 
1743 
5204 
8069 
4124 
9189 
5954 
8967 
3228 
6531 
112 
8926 
5897 
8079 
9372 
1396 
8082 
3500 
1217 
4004 
242 
231 
4531 
5233 
3110 
8091 
5874 
9387 
489 
4044 
8096 
8097 
6360 
9007 
9233 
8713 
148 
4247 
6784 
3040 
3405 
6495 
7674 
774 
4105 
3082 
1452 
7604 
8117 
1423 
3181 
8114 
2562 
7893 
1637 
8121 
1225 
8123 
508 
9518 
8126 
9763 
530 
28 
5914 
7419 
2479 
6258 
2997 
8135 
3522 
6367 
1596 
6732 
9863 
130 
8142 
1549 
4718 
1641 
1239 
8659 
1548 
8149 
9487 
407 
5182 
5252 
4717 
8155 
3624 
8071 
7998 
2702 
9973 
3431 
3356 
5000 
8164 
7498 
38 
8167 
3525 
8169 
6695 
1018 
8173 
4844 
8174 
7473 
9475 
2737 
8178 
7849 
8180 
6875 
443 
1068 
3613 
8185 
8901 
1413 
9555 
525 
2179 
5926 
6354 
7871 
2163 
5229 
8936 
8197 
185 
7427 
3955 
1350 
6129 
2823 
8204 
1484 
2286 
8207 
6180 
229 
1758 
8844 
855 
6491 
1293 
8622 
2420 
1338 
6373 
9430 
1384 
5519 
3757 
2327 
1650 
1149 
7264 
4689 
9146 
8229 
7563 
5145 
1867 
6750 
6745 
7867 
3464 
4914 
7655 
2873 
7170 
2293 
8951 
8472 
5683 
8245 
2417 
6272 
481 
5726 
8250 
8251 
1794 
793 
8554 
8564 
8256 
117 
8258 
509 
3670 
6994 
9725 
1833 
8264 
5562 
8266 
6771 
5557 
2210 
7391 
8271 
4070 
3607 
7654 
2093 
919 
8975 
5123 
8279 
8280 
7128 
8282 
691 
8741 
5616 
8286 
8287 
8288 
5115 
6022 
612 
9437 
8293 
8294 
8295 
758 
5479 
2910 
5168 
8300 
7815 
5176 
6221 
4557 
4516 
6304 
708 
2002 
7670 
1257 
9417 
897 
6083 
7224 
1640 
5923 
7403 
2483 
9931 
5400 
8321 
5003 
5582 
934 
6706 
6377 
1348 
8328 
4466 
3004 
3618 
7579 
3587 
9871 
1887 
5313 
5005 
6889 
7798 
7727 
8140 
8342 
6289 
4903 
9226 
2294 
5759 
300 
4201 
1645 
3546 
5941 
4969 
8354 
6674 
9483 
2480 
603 
8359 
2299 
8361 
6081 
1322 
4676 
6082 
3569 
2917 
2878 
1351 
6013 
4330 
4298 
8373 
9909 
3653 
5702 
6830 
9586 
1382 
9336 
5721 
5988 
4488 
8943 
6848 
9145 
628 
4813 
3193 
511 
9691 
7607 
8393 
1003 
4961 
3609 
8397 
1132 
4821 
1421 
2909 
613 
6389 
2674 
4527 
1002 
8336 
5358 
6478 
4214 
3132 
9471 
1516 
896 
5499 
9683 
6161 
127 
7296 
8420 
4509 
119 
3988 
8424 
5817 
7502 
7990 
8428 
6673 
4738 
8290 
5505 
1012 
8841 
3833 
8436 
8781 
1562 
3944 
9300 
8441 
4855 
3157 
8444 
8981 
9346 
3920 
2244 
2563 
3063 
1515 
5075 
6029 
7517 
8455 
2900 
5522 
3747 
6429 
8460 
2555 
2913 
706 
4162 
6676 
9941 
8467 
3138 
7830 
8724 
7089 
8769 
3825 
6808 
1453 
3876 
9564 
5577 
8479 
8480 
8481 
9836 
8326 
8826 
9576 
4409 
4440 
6726 
7542 
2611 
718 
7335 
8740 
232 
8495 
7355 
9018 
8498 
8499 
3392 
7257 
56 
3947 
8504 
47 
8506 
5445 
8508 
4215 
8471 
731 
4989 
7435 
2290 
8244 
8516 
1882 
7155 
8519 
5079 
8316 
8734 
1347 
3574 
5028 
6064 
9647 
178 
994 
2589 
7500 
638 
3277 
2938 
9188 
1951 
490 
7472 
567 
3396 
7582 
8542 
8543 
547 
4177 
5383 
8474 
8345 
6067 
6686 
1292 
1443 
5104 
1320 
5676 
725 
3032 
5585 
6303 
7191 
4896 
8247 
1165 
6766 
8565 
2933 
9158 
5406 
6742 
3343 
1163 
3268 
4687 
8574 
7497 
1652 
6131 
3377 
2270 
4675 
8581 
9704 
1026 
5948 
2262 
650 
7902 
8588 
8589 
5436 
8591 
480 
9994 
5947 
8470 
5224 
8597 
3493 
8599 
4088 
8601 
3376 
2039 
5596 
7950 
8606 
446 
2720 
4353 
2701 
841 
1071 
190 
2498 
9014 
7931 
7314 
4502 
2164 
7027 
55 
4966 
3562 
7242 
6500 
8626 
7036 
1056 
3991 
3495 
6302 
9887 
2851 
1933 
3945 
8636 
8637 
4984 
3445 
3942 
8089 
8942 
8643 
1156 
4397 
145 
9288 
4980 
2487 
8110 
9248 
6010 
9119 
9551 
4066 
2962 
860 
8658 
3862 
2642 
8661 
8662 
4643 
8664 
4768 
1032 
298 
2927 
1089 
3807 
8671 
1913 
5938 
412 
5449 
8676 
8677 
6327 
6319 
4328 
5802 
9550 
2632 
9513 
4357 
124 
482 
5790 
6358 
8690 
4255 
3922 
4812 
1599 
8695 
2824 
1146 
8113 
8699 
8291 
2945 
6175 
139 
7685 
8907 
8627 
4098 
2156 
1772 
8710 
6005 
206 
3145 
8714 
8524 
201 
9104 
3987 
4033 
4983 
7488 
1879 
2147 
8579 
158 
9522 
6667 
3166 
8729 
9757 
6330 
8732 
3318 
2073 
4814 
172 
140 
4785 
4206 
898 
1410 
2749 
9098 
1778 
7806 
6085 
7892 
219 
8749 
9782 
8751 
1477 
479 
8754 
5782 
4465 
5226 
9382 
2558 
1403 
8761 
4673 
2300 
5991 
6538 
6856 
2522 
6553 
4148 
1835 
5794 
8772 
2464 
2685 
8775 
291 
8748 
9593 
7189 
9373 
7028 
4849 
3830 
8784 
8785 
4549 
8787 
392 
9067 
1873 
4879 
1429 
7312 
8813 
2052 
1962 
2059 
6350 
1087 
6909 
3671 
8638 
604 
5493 
8805 
7932 
8475 
7623 
4196 
6392 
6811 
9478 
4234 
6575 
4224 
6522 
8817 
4045 
1796 
9614 
1517 
6109 
6967 
8824 
1593 
6926 
6607 
8248 
4796 
5459 
8831 
8832 
4828 
8834 
761 
3325 
1740 
2576 
3331 
7782 
8425 
9798 
2332 
9525 
1725 
1172 
2495 
8848 
8849 
7339 
2323 
7920 
7319 
2903 
5346 
3738 
791 
5215 
634 
7686 
8861 
8862 
7322 
4587 
4040 
492 
5910 
3763 
1011 
7646 
9089 
3337 
4637 
8549 
8875 
2466 
8528 
5778 
9167 
1524 
3213 
633 
2273 
4522 
3668 
7325 
9142 
348 
2662 
399 
2429 
8892 
8893 
4114 
7255 
3453 
8950 
8898 
6427 
8900 
3064 
2879 
7350 
2597 
802 
8906 
4180 
3887 
7305 
9795 
32 
5654 
327 
8914 
912 
561 
9079 
688 
4919 
240 
5348 
7708 
3408 
5326 
5126 
6421 
1437 
5201 
2369 
8930 
8931 
8932 
5744 
7018 
5691 
9516 
6228 
8938 
6816 
6870 
192 
3144 
741 
1994 
8945 
2939 
5989 
8203 
5708 
641 
546 
7245 
8953 
3847 
1091 
8956 
8957 
2584 
8369 
7351 
2783 
4982 
4665 
406 
8965 
8501 
6628 
1564 
4545 
1542 
8004 
1001 
9134 
8974 
5338 
7 
8977 
6498 
2803 
6345 
4954 
5841 
8983 
4973 
8985 
4511 
8788 
3658 
4777 
496 
3179 
3850 
440 
9591 
9740 
505 
8997 
7111 
3236 
9565 
8442 
2605 
9003 
7643 
4926 
7827 
4818 
9455 
9907 
5257 
9888 
3209 
9013 
6634 
5993 
5621 
3536 
8355 
9019 
22 
6448 
9022 
5318 
3854 
9025 
7987 
9027 
7833 
2091 
831 
491 
4998 
9672 
3677 
608 
4888 
850 
8125 
9039 
2812 
4134 
402 
696 
8682 
7858 
5087 
9047 
8822 
6043 
2020 
4267 
6948 
6294 
4419 
1568 
9056 
3039 
8044 
2148 
876 
222 
7705 
9063 
6983 
4312 
9066 
8260 
9068 
1936 
697 
1 
9072 
1765 
1682 
4474 
1690 
9177 
2180 
7696 
3038 
8396 
4350 
9433 
1648 
3543 
5517 
2641 
1128 
4107 
7790 
9091 
2366 
8608 
2843 
9095 
8313 
3758 
5193 
8978 
9100 
7934 
8067 
9649 
4723 
1095 
4749 
7737 
8603 
8484 
4779 
9111 
5555 
8635 
2819 
9115 
9915 
2431 
5360 
2008 
9120 
9121 
2074 
9123 
9124 
7888 
8743 
4211 
2204 
4438 
2214 
6857 
1851 
2844 
1323 
9075 
9136 
6253 
335 
3509 
9815 
8028 
986 
4345 
4090 
1021 
8170 
9474 
397 
2116 
9761 
4123 
9152 
5070 
7492 
9155 
6677 
5933 
4458 
8746 
4840 
1931 
125 
5174 
2795 
6376 
9060 
4766 
1182 
2905 
102 
7260 
9172 
3260 
8454 
67 
4593 
9383 
8412 
6828 
9472 
6905 
7679 
4730 
8755 
8448 
9186 
1797 
655 
2972 
9190 
8610 
3800 
5735 
9574 
5945 
4150 
5367 
7810 
5342 
7385 
7829 
7776 
1049 
8099 
6772 
6810 
520 
6510 
8825 
7100 
9211 
6669 
7725 
92 
1728 
9440 
6546 
9218 
4297 
8790 
4231 
9588 
53 
8413 
9107 
7561 
9227 
5030 
6211 
7008 
2018 
9254 
2115 
9234 
7251 
4719 
2982 
9521 
1514 
1294 
4981 
1023 
8106 
7491 
5917 
4479 
5402 
9991 
820 
9250 
1530 
5706 
1274 
2718 
906 
5466 
2566 
4886 
4411 
2450 
9261 
425 
2247 
5727 
9265 
8562 
1190 
2661 
9269 
6924 
7025 
9272 
6078 
6978 
7672 
8502 
3661 
9438 
1754 
6177 
4755 
9724 
9283 
2937 
9285 
2061 
9048 
1284 
290 
4027 
5978 
2700 
8500 
7430 
9295 
1824 
1713 
3812 
8883 
466 
6349 
2713 
8845 
1015 
9305 
5363 
9307 
4376 
5664 
6226 
7574 
1992 
9313 
7016 
989 
8385 
9967 
4679 
9319 
1934 
6996 
7212 
7694 
8177 
268 
9326 
6402 
9278 
2887 
9330 
9331 
1963 
4302 
4077 
3666 
1213 
8820 
9338 
5592 
3182 
2628 
5384 
6699 
9344 
9058 
5444 
9113 
8081 
4651 
9350 
6227 
9352 
6206 
3201 
1813 
2841 
1365 
9930 
9160 
3134 
7309 
9362 
6737 
9364 
4847 
3000 
4484 
6192 
1439 
8202 
5141 
4091 
8446 
9374 
1291 
9376 
6593 
2235 
9379 
5520 
3726 
9579 
5246 
343 
6729 
7332 
51 
9458 
8941 
8158 
1935 
6299 
9393 
181 
20 
9396 
4227 
3281 
9399 
8678 
5477 
9800 
9403 
9404 
9046 
4759 
9407 
9132 
6689 
8777 
3642 
6605 
1229 
6387 
9415 
5301 
8104 
2916 
6382 
2779 
7495 
6395 
9423 
9424 
9425 
9755 
2446 
510 
9429 
9598 
7221 
2998 
7481 
5078 
3888 
7056 
9986 
2590 
5191 
1702 
310 
9442 
2182 
5262 
4635 
5165 
5263 
2755 
8154 
9450 
1391 
441 
3460 
9790 
1376 
5694 
9457 
1908 
6872 
5808 
7641 
7651 
9714 
1981 
9465 
3792 
804 
7198 
5556 
5733 
8767 
9312 
4421 
6234 
9110 
5750 
9477 
4728 
5594 
3563 
2717 
1280 
1388 
9904 
5628 
6618 
2140 
469 
8984 
9490 
848 
2365 
9493 
4606 
7935 
8153 
7110 
2337 
9499 
1642 
8457 
5739 
854 
4190 
9686 
1241 
9507 
6136 
9509 
6574 
6505 
9512 
9202 
1245 
3339 
3586 
6264 
5303 
1950 
2963 
5887 
6912 
4883 
5701 
8552 
7647 
541 
3097 
3119 
6556 
7237 
3865 
7714 
9534 
9406 
9536 
1964 
2384 
8944 
9648 
9541 
8036 
2666 
9544 
1224 
2274 
6626 
3709 
2276 
9787 
9384 
2309 
6281 
9020 
3551 
3225 
5298 
4798 
459 
9560 
5323 
9348 
6982 
7535 
3243 
9162 
5305 
1756 
2231 
8488 
9571 
9572 
9573 
2297 
9575 
7438 
4645 
2752 
9335 
1169 
7259 
666 
1081 
78 
7220 
9495 
7630 
9771 
9463 
658 
1202 
9592 
9828 
9594 
2114 
1543 
7622 
2044 
3348 
8908 
9844 
9602 
4566 
2445 
2328 
894 
6190 
2318 
9609 
105 
9611 
2415 
1270 
3822 
7959 
3767 
1307 
9618 
5325 
1366 
9621 
812 
8904 
798 
8238 
3436 
6615 
6700 
6011 
4200 
7881 
588 
9263 
9962 
9635 
2788 
6123 
3382 
7832 
3576 
1446 
3399 
591 
9644 
9645 
9646 
9599 
1377 
2624 
3336 
7747 
2220 
7455 
9731 
3623 
1158 
9657 
6993 
6621 
141 
9661 
8691 
5223 
4652 
2392 
3841 
9667 
5896 
7334 
1745 
2152 
3660 
3733 
3943 
7678 
9746 
3463 
9678 
9679 
4167 
9681 
4113 
5614 
2631 
3766 
5608 
3520 
8518 
6031 
9690 
8391 
6374 
7717 
9694 
2069 
7281 
2647 
7534 
5670 
9733 
6987 
3078 
6536 
8582 
9705 
922 
9707 
8648 
1961 
8711 
3143 
1737 
7039 
6343 
2551 
5877 
9717 
9718 
6336 
9720 
9658 
4514 
6023 
4485 
7426 
569 
9727 
616 
5659 
9730 
6930 
4046 
2977 
6648 
6513 
3580 
6931 
5536 
905 
5890 
4641 
5389 
9050 
6858 
9745 
2272 
1546 
1345 
6841 
7909 
7804 
9752 
2075 
8912 
3750 
4831 
2568 
4731 
884 
5047 
5347 
4372 
574 
2401 
9765 
5327 
3953 
1430 
8421 
9770 
2981 
8304 
5509 
4062 
6055 
9776 
476 
4708 
2943 
8672 
9210 
9199 
8070 
2850 
6514 
394 
2412 
1918 
5581 
4337 
1318 
5513 
7112 
2989 
8022 
5213 
3046 
4037 
8701 
3951 
4841 
9801 
9803 
2488 
9805 
381 
6661 
1157 
3218 
2663 
9811 
1782 
8138 
8647 
5268 
5653 
9817 
7404 
933 
2732 
8014 
4068 
6687 
9674 
2957 
9826 
8758 
5966 
9290 
1868 
4703 
549 
6572 
9834 
9891 
2145 
3531 
9838 
3315 
7031 
4029 
2813 
9466 
2499 
2948 
5371 
9847 
4100 
6274 
8994 
1106 
2302 
8405 
345 
85 
951 
7073 
9858 
4160 
1904 
376 
2472 
3770 
9864 
2556 
6868 
2433 
8061 
2473 
2858 
6664 
4928 
9873 
2011 
246 
9638 
9008 
9878 
4815 
721 
9881 
2798 
8899 
7172 
3245 
8021 
8894 
5965 
1979 
9229 
1188 
2681 
8307 
1505 
6492 
3552 
5251 
1533 
6237 
9900 
9901 
1859 
9903 
921 
5014 
9906 
52 
9908 
1912 
4726 
8837 
9993 
8520 
2721 
3579 
156 
1969 
9389 
4476 
9920 
4092 
4781 
9923 
9924 
3414 
4293 
3606 
950 
4054 
9358 
8319 
7887 
3861 
8878 
7167 
9195 
7019 
9938 
9939 
1208 
215 
3693 
9943 
4912 
7765 
1176 
2223 
6533 
8544 
8807 
8157 
9952 
1044 
2292 
1607 
5144 
253 
684 
2882 
9960 
6764 
4119 
1014 
4367 
8654 
4197 
5310 
3756 
9969 
5385 
445 
9972 
3731 
8802 
2468 
9976 
2068 
4013 
9912 
2968 
9354 
6588 
9983 
6962 
4742 
8131 
9987 
7415 
1168 
9990 
6753 
9992 
6871 
2586 
5657 
4374 
924 
7543 
5869 
